/*--------------------------------*- C++ -*----------------------------------*\
| =========                 |                                                 |
| \\      /  F ield         | OpenFOAM: The Open Source CFD Toolbox           |
|  \\    /   O peration     | Version:  3.0.1                                 |
|   \\  /    A nd           | Web:      www.OpenFOAM.org                      |
|    \\/     M anipulation  |                                                 |
\*---------------------------------------------------------------------------*/
FoamFile
{
    version     2.0;
    format      ascii;
    class       volScalarField;
    location    "101.263725316707081";
    object      p;
}
// * * * * * * * * * * * * * * * * * * * * * * * * * * * * * * * * * * * * * //

dimensions      [0 2 -2 0 0 0 0];

internalField   nonuniform List<scalar> 
8400
(
-0.325618
-0.313672
-0.309969
-0.312994
-0.319246
-0.324724
-0.327692
-0.328681
-0.328749
-0.329261
-0.331767
-0.33786
-0.348042
-0.360632
-0.376655
-0.393915
-0.410481
-0.424319
-0.433701
-0.43725
-0.433678
-0.422263
-0.402591
-0.374504
-0.338068
-0.293666
-0.242286
-0.185851
-0.127374
-0.0702787
-0.0158516
0.0381449
0.0969826
0.155572
0.21578
0.273546
0.330092
0.381948
0.429781
0.470783
0.505095
0.530759
0.547524
0.554446
0.551154
0.53743
0.513289
0.479121
0.43483
0.381979
0.320041
0.251942
0.176367
0.0974387
0.0130694
-0.0717184
-0.159588
-0.244921
-0.330858
-0.410754
-0.491158
-0.577196
-0.668094
-0.759431
-0.847126
-0.928474
-1.00181
-1.06626
-1.12137
-1.1667
-1.20186
-1.22643
-1.24028
-1.24379
-1.23786
-1.22433
-1.20472
-1.18065
-1.15395
-1.12635
-1.09927
-1.07328
-1.04984
-1.02862
-1.00945
-0.992119
-0.976361
-0.961963
-0.948878
-0.937135
-0.927417
-0.919311
-0.91283
-0.908181
-0.905692
-0.905837
-0.909074
-0.91565
-0.9254
-0.937646
-0.951198
-0.964433
-0.975405
-0.98199
-0.982175
-0.974394
-0.957537
-0.930722
-0.893875
-0.84786
-0.795197
-0.738452
-0.679497
-0.619964
-0.561575
-0.506146
-0.455516
-0.411303
-0.374643
-0.346063
-0.368045
-0.347559
-0.334774
-0.329617
-0.32979
-0.334188
-0.333699
-0.331461
-0.327799
-0.324071
-0.322151
-0.322341
-0.329426
-0.340554
-0.355641
-0.373647
-0.392501
-0.409785
-0.423186
-0.430736
-0.430974
-0.422566
-0.404562
-0.376541
-0.338571
-0.291211
-0.235824
-0.175094
-0.112994
-0.0529498
0.002831
0.0550743
0.110861
0.166306
0.223477
0.278731
0.333009
0.38315
0.429466
0.469428
0.502907
0.528097
0.544565
0.551417
0.548219
0.534752
0.511065
0.477499
0.434143
0.382395
0.322112
0.255817
0.182833
0.106676
0.0261168
-0.0546674
-0.137506
-0.217848
-0.298624
-0.375557
-0.457902
-0.548851
-0.645765
-0.74491
-0.840899
-0.929568
-1.00861
-1.07691
-1.13378
-1.17861
-1.21083
-1.23001
-1.23636
-1.23106
-1.21689
-1.19544
-1.16889
-1.13938
-1.10914
-1.07991
-1.05292
-1.02876
-1.00748
-0.988606
-0.971697
-0.956251
-0.941902
-0.92837
-0.915698
-0.901645
-0.892395
-0.884626
-0.878686
-0.875141
-0.874636
-0.877629
-0.884268
-0.894187
-0.906455
-0.919757
-0.932684
-0.943931
-0.952343
-0.956759
-0.955843
-0.948097
-0.932248
-0.908098
-0.87645
-0.838933
-0.795849
-0.748218
-0.697797
-0.646391
-0.595625
-0.546954
-0.501693
-0.46093
-0.425266
-0.394475
-0.391291
-0.369694
-0.354892
-0.348174
-0.348368
-0.352039
-0.353855
-0.349082
-0.341859
-0.333175
-0.32631
-0.320338
-0.322303
-0.329363
-0.341011
-0.356362
-0.373976
-0.391863
-0.407379
-0.417735
-0.420466
-0.4135
-0.395433
-0.365678
-0.324458
-0.272827
-0.212898
-0.14809
-0.0826927
-0.0204801
0.0333468
0.0822526
0.133374
0.184621
0.23717
0.288651
0.339163
0.38644
0.430107
0.46819
0.50009
0.524312
0.540127
0.546764
0.543694
0.530708
0.507916
0.475545
0.433998
0.384336
0.327069
0.26397
0.195434
0.123765
0.0491498
-0.0258989
-0.101642
-0.175586
-0.249234
-0.320866
-0.40028
-0.494352
-0.59646
-0.702036
-0.80532
-0.901349
-0.986855
-1.0599
-1.11922
-1.16392
-1.19345
-1.20782
-1.20783
-1.1974
-1.17838
-1.15312
-1.12435
-1.0947
-1.06643
-1.04078
-1.01843
-0.999149
-0.982395
-0.967336
-0.953571
-0.940356
-0.927729
-0.915369
-0.904336
-0.894206
-0.891139
-0.891649
-0.895164
-0.900485
-0.907073
-0.915005
-0.924552
-0.935759
-0.948177
-0.960867
-0.972681
-0.982456
-0.989113
-0.991717
-0.989387
-0.981149
-0.965844
-0.942307
-0.910573
-0.872039
-0.828728
-0.781515
-0.73131
-0.679366
-0.627387
-0.57721
-0.53035
-0.487821
-0.4503
-0.418148
-0.387305
-0.364146
-0.347692
-0.3406
-0.343432
-0.35291
-0.362844
-0.367015
-0.361768
-0.350505
-0.338212
-0.327515
-0.322074
-0.322979
-0.329567
-0.340882
-0.355836
-0.372543
-0.388207
-0.399466
-0.402966
-0.395958
-0.376681
-0.344546
-0.300159
-0.245263
-0.182696
-0.11626
-0.0502447
0.0113794
0.0621115
0.107456
0.154134
0.201463
0.249705
0.297513
0.344323
0.388632
0.429508
0.465529
0.495651
0.51875
0.533785
0.54015
0.537214
0.524786
0.503041
0.472056
0.432556
0.385242
0.331207
0.271543
0.20746
0.140366
0.0713218
0.00178851
-0.0676161
-0.135669
-0.202816
-0.268978
-0.344079
-0.437409
-0.540528
-0.648327
-0.755015
-0.855393
-0.945403
-1.02211
-1.08338
-1.12787
-1.15487
-1.16489
-1.16184
-1.14777
-1.12543
-1.09807
-1.06895
-1.04062
-1.01488
-0.992346
-0.973256
-0.956619
-0.941474
-0.928061
-0.916555
-0.906132
-0.898471
-0.892828
-0.892043
-0.893646
-0.901536
-0.909287
-0.91639
-0.923338
-0.931789
-0.943538
-0.958891
-0.976444
-0.994214
-1.01059
-1.0245
-1.03516
-1.04199
-1.04446
-1.04193
-1.03338
-1.01746
-0.993022
-0.959606
-0.918277
-0.870808
-0.818885
-0.764128
-0.708164
-0.652316
-0.597779
-0.545885
-0.497813
-0.454403
-0.416827
-0.357043
-0.332073
-0.310958
-0.298942
-0.301185
-0.31662
-0.338465
-0.357622
-0.366975
-0.364354
-0.353815
-0.340175
-0.328404
-0.321928
-0.3218
-0.32777
-0.338749
-0.352821
-0.367049
-0.377681
-0.380804
-0.373153
-0.352669
-0.31879
-0.272466
-0.215967
-0.152578
-0.0862454
-0.0212575
0.0383556
0.085853
0.127622
0.170429
0.214141
0.258661
0.303099
0.346634
0.388161
0.426483
0.460512
0.488946
0.510929
0.525206
0.531291
0.528479
0.516599
0.495859
0.466243
0.428682
0.383668
0.332613
0.276233
0.216143
0.153315
0.0891361
0.0246278
-0.0393507
-0.102015
-0.163524
-0.224315
-0.294927
-0.385595
-0.487445
-0.595038
-0.70246
-0.804414
-0.89635
-0.97452
-1.03603
-1.07916
-1.10349
-1.1104
-1.10407
-1.08686
-1.06215
-1.03373
-1.0048
-0.977501
-0.952971
-0.931202
-0.912033
-0.894699
-0.880238
-0.866946
-0.855973
-0.846622
-0.84076
-0.837056
-0.837803
-0.840209
-0.848778
-0.861962
-0.879125
-0.899429
-0.922084
-0.945995
-0.969671
-0.991667
-1.01112
-1.02776
-1.04149
-1.052
-1.05864
-1.06055
-1.05671
-1.046
-1.02753
-1.00081
-0.966065
-0.924394
-0.877331
-0.825883
-0.771092
-0.713856
-0.655202
-0.595717
-0.537118
-0.482236
-0.432232
-0.388272
-0.298624
-0.274544
-0.248229
-0.226842
-0.222436
-0.239162
-0.270738
-0.307634
-0.338241
-0.355244
-0.357307
-0.348949
-0.336034
-0.324414
-0.317797
-0.317642
-0.323567
-0.333826
-0.345439
-0.354437
-0.356575
-0.348196
-0.326948
-0.292201
-0.245084
-0.188178
-0.125024
-0.0597
0.00343671
0.0605234
0.10494
0.143289
0.182633
0.223028
0.264235
0.305601
0.346199
0.385156
0.421158
0.453305
0.480177
0.501074
0.514641
0.520445
0.517743
0.506377
0.486562
0.458254
0.422477
0.379659
0.331313
0.27801
0.221529
0.162617
0.102797
0.0428258
-0.0163117
-0.0740814
-0.130506
-0.186216
-0.25253
-0.339859
-0.439301
-0.54547
-0.652231
-0.754059
-0.846063
-0.923877
-0.984141
-1.02479
-1.04567
-1.05031
-1.04098
-1.02119
-0.994929
-0.966048
-0.937327
-0.910428
-0.88583
-0.863445
-0.842968
-0.824216
-0.807202
-0.791466
-0.777494
-0.764909
-0.754301
-0.744675
-0.737146
-0.731086
-0.731858
-0.742763
-0.762642
-0.788156
-0.816183
-0.844565
-0.872034
-0.897926
-0.921844
-0.943491
-0.962485
-0.978078
-0.989044
-0.994172
-0.992646
-0.983864
-0.967232
-0.94268
-0.910551
-0.871359
-0.82593
-0.775616
-0.721772
-0.665459
-0.606939
-0.547078
-0.488324
-0.432548
-0.379601
-0.331828
-0.211821
-0.187034
-0.1642
-0.139051
-0.120863
-0.13367
-0.167825
-0.216777
-0.268064
-0.309526
-0.333669
-0.340516
-0.335176
-0.324482
-0.314636
-0.309512
-0.310379
-0.316308
-0.324638
-0.331442
-0.332294
-0.323229
-0.301591
-0.266594
-0.219401
-0.162767
-0.100432
-0.0366452
0.0241996
0.0785592
0.120027
0.155251
0.191452
0.228822
0.267024
0.305571
0.343495
0.380063
0.413935
0.444302
0.469717
0.489555
0.502446
0.507964
0.50536
0.494472
0.475513
0.448454
0.414333
0.373604
0.327749
0.277333
0.224155
0.168857
0.11299
0.0571482
0.00239187
-0.0509427
-0.102745
-0.153837
-0.216024
-0.299713
-0.396114
-0.500103
-0.605376
-0.706106
-0.797061
-0.873432
-0.931587
-0.969513
-0.987663
-0.989276
-0.97723
-0.955506
-0.928293
-0.899191
-0.870482
-0.843358
-0.817888
-0.793988
-0.771241
-0.749677
-0.729037
-0.70939
-0.690526
-0.672299
-0.654442
-0.636668
-0.619621
-0.604387
-0.596377
-0.601208
-0.61757
-0.640549
-0.665947
-0.691491
-0.716404
-0.740689
-0.764364
-0.787125
-0.808287
-0.826744
-0.841294
-0.850825
-0.854014
-0.849869
-0.837893
-0.81785
-0.789897
-0.754874
-0.713272
-0.665515
-0.612826
-0.557174
-0.500264
-0.443561
-0.389379
-0.339579
-0.296163
-0.249841
-0.108554
-0.0772567
-0.0513794
-0.0365059
-0.0287421
-0.0327268
-0.0596069
-0.108537
-0.169845
-0.229468
-0.277623
-0.306622
-0.316987
-0.314846
-0.307447
-0.300767
-0.29818
-0.300275
-0.305286
-0.309708
-0.309139
-0.299406
-0.277569
-0.242644
-0.195756
-0.139771
-0.0786184
-0.016726
0.0415485
0.0930725
0.131704
0.164089
0.197449
0.232059
0.267523
0.30347
0.338936
0.373275
0.405171
0.433856
0.457898
0.476706
0.488944
0.494171
0.491646
0.481203
0.463045
0.437177
0.404612
0.365862
0.322324
0.274621
0.224492
0.172539
0.120281
0.0682191
0.0174342
-0.0318677
-0.0794971
-0.126406
-0.184636
-0.264503
-0.357436
-0.458693
-0.561895
-0.660926
-0.75018
-0.824554
-0.880164
-0.915144
-0.930721
-0.929556
-0.915252
-0.892106
-0.864264
-0.834918
-0.805918
-0.778013
-0.751095
-0.725023
-0.699402
-0.674337
-0.649536
-0.625197
-0.600899
-0.576706
-0.552294
-0.528018
-0.504716
-0.484441
-0.47244
-0.473991
-0.487867
-0.508652
-0.531921
-0.555587
-0.579143
-0.602687
-0.62631
-0.649913
-0.673065
-0.694662
-0.713121
-0.727089
-0.735453
-0.737136
-0.73117
-0.716545
-0.691987
-0.657707
-0.616148
-0.570246
-0.521499
-0.471028
-0.41971
-0.367978
-0.315843
-0.262282
-0.208945
-0.153746
-0.0451619
-0.0190666
0.00576068
0.0242728
0.0333404
0.0325895
0.0246784
-0.0117652
-0.0677094
-0.135354
-0.199667
-0.249466
-0.279407
-0.291548
-0.292295
-0.288511
-0.285311
-0.285068
-0.287379
-0.289577
-0.287587
-0.277183
-0.255212
-0.220501
-0.174117
-0.119014
-0.0593069
0.000430886
0.0559615
0.104607
0.140518
0.170315
0.201099
0.233187
0.266147
0.299688
0.332874
0.365127
0.395173
0.422268
0.445009
0.462821
0.47442
0.479354
0.476883
0.466856
0.449454
0.424719
0.39363
0.356753
0.315391
0.27024
0.222945
0.174095
0.125152
0.076563
0.0293959
-0.0162327
-0.0600896
-0.103197
-0.15765
-0.23361
-0.322787
-0.420893
-0.521579
-0.618484
-0.70564
-0.777723
-0.8307
-0.862885
-0.875757
-0.872127
-0.85597
-0.831706
-0.80329
-0.773494
-0.743789
-0.714591
-0.685746
-0.657035
-0.628174
-0.599269
-0.57014
-0.541102
-0.511891
-0.482918
-0.454153
-0.426488
-0.401003
-0.380147
-0.368648
-0.370661
-0.384869
-0.405876
-0.429511
-0.453985
-0.479073
-0.505196
-0.532638
-0.561094
-0.589849
-0.61782
-0.643102
-0.663501
-0.677134
-0.682209
-0.677807
-0.664614
-0.643668
-0.615564
-0.580465
-0.53842
-0.489835
-0.436192
-0.379046
-0.319714
-0.25929
-0.19837
-0.138786
-0.0823671
-0.061711
-0.0254679
0.00945979
0.0362943
0.0549234
0.0654858
0.0664826
0.048949
0.00807119
-0.0518469
-0.119132
-0.180832
-0.227339
-0.255417
-0.26798
-0.27095
-0.270242
-0.269724
-0.270464
-0.270927
-0.267665
-0.256615
-0.234532
-0.200102
-0.154346
-0.100297
-0.0422401
0.0151557
0.0678495
0.113627
0.146938
0.174368
0.202808
0.232587
0.263249
0.294557
0.32562
0.355909
0.38421
0.409798
0.431302
0.448152
0.459126
0.46376
0.461328
0.451688
0.435004
0.411347
0.381664
0.346563
0.307257
0.264509
0.219862
0.173899
0.128016
0.08263
0.0387723
-0.00350181
-0.0439389
-0.0835869
-0.134451
-0.206487
-0.291739
-0.386387
-0.484212
-0.57866
-0.663448
-0.733057
-0.783382
-0.812793
-0.823073
-0.817257
-0.799512
-0.774238
-0.745109
-0.714531
-0.683662
-0.652729
-0.62158
-0.589965
-0.557756
-0.525072
-0.491978
-0.458989
-0.426198
-0.394448
-0.363981
-0.336069
-0.311691
-0.293259
-0.284735
-0.289681
-0.306623
-0.330637
-0.357928
-0.38665
-0.416385
-0.447469
-0.480547
-0.515721
-0.552069
-0.588067
-0.621637
-0.650749
-0.673561
-0.687999
-0.692614
-0.687175
-0.671167
-0.643129
-0.602575
-0.551487
-0.492565
-0.428153
-0.360876
-0.294386
-0.232376
-0.177982
-0.13317
-0.0941181
-0.144837
-0.0869417
-0.0366542
0.00310917
0.0351407
0.0595275
0.0739369
0.0734093
0.0520106
0.00845177
-0.0508574
-0.114134
-0.169876
-0.210894
-0.235782
-0.247792
-0.252109
-0.253382
-0.253924
-0.25339
-0.249164
-0.237568
-0.21541
-0.181315
-0.136283
-0.0834279
-0.0271859
0.0277405
0.0775674
0.120527
0.151361
0.176621
0.202923
0.230578
0.259126
0.288361
0.317439
0.345875
0.37252
0.396674
0.416996
0.432921
0.443282
0.447614
0.445206
0.435925
0.419927
0.397296
0.368957
0.335543
0.298189
0.257709
0.215542
0.172275
0.12923
0.0868077
0.0459898
0.00678699
-0.0305409
-0.0670346
-0.1145
-0.182656
-0.263904
-0.354887
-0.449589
-0.541319
-0.623526
-0.690496
-0.738158
-0.764861
-0.772729
-0.764922
-0.745711
-0.719372
-0.689286
-0.657553
-0.625105
-0.592109
-0.558438
-0.523913
-0.488577
-0.452629
-0.416474
-0.380826
-0.346223
-0.313807
-0.283941
-0.258004
-0.236609
-0.22206
-0.217557
-0.226346
-0.246517
-0.273361
-0.303905
-0.337436
-0.374461
-0.415828
-0.46176
-0.510624
-0.561115
-0.613439
-0.665087
-0.710068
-0.743768
-0.765519
-0.775927
-0.773906
-0.757043
-0.724999
-0.680623
-0.627682
-0.569196
-0.507908
-0.446317
-0.387074
-0.331213
-0.280734
-0.233751
-0.194064
-0.269757
-0.199001
-0.126265
-0.0723405
-0.0242302
0.0149193
0.0452923
0.0623524
0.0617261
0.0393701
-0.00348291
-0.0589821
-0.115714
-0.164041
-0.198842
-0.220023
-0.230823
-0.235537
-0.237218
-0.236541
-0.231792
-0.219834
-0.197684
-0.163986
-0.119767
-0.0682285
-0.0139322
0.038446
0.085423
0.125645
0.154127
0.177393
0.201735
0.227433
0.254029
0.281338
0.308558
0.335242
0.360312
0.383095
0.402285
0.417319
0.427082
0.431111
0.428713
0.419769
0.404424
0.382775
0.355723
0.323915
0.288417
0.250081
0.210246
0.169502
0.129101
0.0894304
0.0514142
0.01503
-0.0194617
-0.0530753
-0.0973353
-0.161694
-0.238932
-0.326125
-0.417512
-0.506318
-0.585774
-0.649926
-0.694593
-0.719062
-0.724661
-0.714958
-0.694291
-0.666749
-0.635435
-0.602207
-0.567872
-0.532625
-0.496421
-0.459259
-0.421343
-0.38305
-0.345084
-0.308298
-0.273621
-0.24216
-0.214311
-0.191326
-0.173042
-0.161256
-0.158451
-0.170863
-0.197048
-0.232308
-0.27313
-0.318102
-0.367762
-0.422081
-0.48048
-0.543662
-0.611875
-0.681914
-0.748005
-0.805411
-0.851959
-0.886551
-0.907524
-0.912844
-0.901436
-0.874378
-0.834244
-0.783996
-0.726542
-0.664833
-0.601822
-0.540309
-0.481647
-0.426925
-0.377198
-0.345538
-0.367277
-0.301683
-0.230087
-0.166821
-0.105357
-0.0541103
-0.00922867
0.0244141
0.043627
0.0428145
0.0203195
-0.0205233
-0.0708096
-0.120211
-0.160887
-0.189571
-0.206976
-0.216111
-0.22001
-0.220023
-0.215264
-0.203202
-0.181184
-0.147969
-0.104651
-0.0545358
-0.00228525
0.0475053
0.0916836
0.12927
0.155526
0.176955
0.199497
0.223386
0.248173
0.273687
0.299169
0.324198
0.347766
0.369235
0.387336
0.401512
0.410693
0.414419
0.412022
0.403394
0.388674
0.367963
0.342149
0.311872
0.278141
0.241835
0.2042
0.165824
0.127894
0.0907847
0.0553572
0.0215672
-0.0103298
-0.041312
-0.0825574
-0.143234
-0.216504
-0.299848
-0.387783
-0.473508
-0.550083
-0.611377
-0.653364
-0.675311
-0.678695
-0.667154
-0.644986
-0.616077
-0.583295
-0.548315
-0.511916
-0.474389
-0.435869
-0.396574
-0.356875
-0.317387
-0.278972
-0.242534
-0.209072
-0.179425
-0.154308
-0.134349
-0.118692
-0.110277
-0.111821
-0.133579
-0.169925
-0.212185
-0.2574
-0.307255
-0.363281
-0.425944
-0.494886
-0.569846
-0.649081
-0.727862
-0.800686
-0.863233
-0.913316
-0.949842
-0.971475
-0.977722
-0.968388
-0.944764
-0.909046
-0.863488
-0.810565
-0.7528
-0.692647
-0.632276
-0.574241
-0.522145
-0.477092
-0.433148
-0.37644
-0.338667
-0.288814
-0.235372
-0.176041
-0.121764
-0.0691341
-0.0249516
0.0093808
0.0266475
0.0237473
0.000352965
-0.0381707
-0.0830655
-0.125168
-0.158646
-0.181665
-0.195403
-0.20221
-0.203609
-0.199348
-0.18748
-0.165755
-0.133125
-0.0908
-0.0422007
0.0079309
0.0551254
0.0965807
0.131647
0.155803
0.175537
0.196418
0.218632
0.24174
0.265577
0.28943
0.312898
0.335034
0.355243
0.372295
0.385642
0.394258
0.397685
0.395282
0.386952
0.37283
0.35302
0.328393
0.299577
0.26753
0.233153
0.197597
0.161448
0.125834
0.0911147
0.0580853
0.0266896
-0.00282953
-0.0314073
-0.0698235
-0.126951
-0.196332
-0.275819
-0.360216
-0.442744
-0.516343
-0.574757
-0.614013
-0.633448
-0.634677
-0.621327
-0.597585
-0.567159
-0.532731
-0.495853
-0.457349
-0.417693
-0.377259
-0.336469
-0.295922
-0.25644
-0.218845
-0.183879
-0.152427
-0.125405
-0.10325
-0.085882
-0.0738352
-0.0691311
-0.0729321
-0.102235
-0.141308
-0.185872
-0.236535
-0.291371
-0.348399
-0.407836
-0.471079
-0.538783
-0.608299
-0.675377
-0.736291
-0.788348
-0.829823
-0.859435
-0.876243
-0.87978
-0.870397
-0.849544
-0.819181
-0.781406
-0.737793
-0.68959
-0.637802
-0.583956
-0.530894
-0.483529
-0.445495
-0.41247
-0.312926
-0.304389
-0.284658
-0.256312
-0.214834
-0.168001
-0.118428
-0.0713302
-0.0296543
6.62212e-05
0.0130159
0.00622519
-0.0182967
-0.0545466
-0.0940256
-0.129236
-0.15617
-0.174003
-0.183942
-0.187213
-0.183885
-0.172515
-0.151262
-0.119334
-0.0780911
-0.0310881
0.0168751
0.0614903
0.100314
0.132983
0.155163
0.173334
0.192681
0.21334
0.234884
0.257154
0.279477
0.301471
0.322245
0.341246
0.357287
0.369832
0.3779
0.381035
0.378619
0.370571
0.357022
0.338078
0.314593
0.287172
0.256733
0.224191
0.190601
0.156552
0.123114
0.0906278
0.0598261
0.0306438
0.00330452
-0.023075
-0.0588381
-0.112562
-0.178162
-0.253821
-0.334637
-0.413882
-0.484444
-0.539921
-0.576438
-0.593409
-0.592509
-0.577329
-0.551926
-0.519882
-0.483713
-0.444901
-0.40442
-0.362959
-0.321094
-0.279506
-0.23909
-0.200663
-0.164771
-0.132182
-0.103698
-0.0795271
-0.0598192
-0.0448
-0.0352637
-0.0311763
-0.033222
-0.0764563
-0.107724
-0.146777
-0.191236
-0.239444
-0.290179
-0.34277
-0.396911
-0.451783
-0.50535
-0.55531
-0.59937
-0.636009
-0.663845
-0.682213
-0.690615
-0.68922
-0.678524
-0.659771
-0.634433
-0.604229
-0.570476
-0.533908
-0.494458
-0.452238
-0.408938
-0.368687
-0.337615
-0.319812
-0.232594
-0.241361
-0.242566
-0.231588
-0.214107
-0.184813
-0.14783
-0.106097
-0.064854
-0.0292064
-0.00564966
0.00130147
-0.00963074
-0.035148
-0.0688239
-0.10287
-0.1317
-0.152637
-0.1655
-0.170866
-0.168795
-0.158193
-0.137592
-0.106486
-0.066416
-0.021076
0.0246901
0.0667622
0.103057
0.133452
0.153778
0.17051
0.188436
0.207649
0.227736
0.248538
0.269423
0.290025
0.309506
0.327351
0.342418
0.354187
0.361723
0.364573
0.362143
0.354362
0.341363
0.323252
0.300863
0.274775
0.245875
0.21508
0.183354
0.151287
0.119896
0.0895008
0.0607722
0.033636
0.0082953
-0.0160699
-0.0493457
-0.0998191
-0.161764
-0.233661
-0.310881
-0.386793
-0.45423
-0.506784
-0.540608
-0.555123
-0.552084
-0.535026
-0.507904
-0.474209
-0.436276
-0.395639
-0.353489
-0.310622
-0.267847
-0.226258
-0.186798
-0.149971
-0.116541
-0.0872905
-0.0622226
-0.0413975
-0.0247051
-0.0112858
-0.00271292
-0.00258489
-0.0105847
-0.0339535
-0.0604418
-0.0928451
-0.129733
-0.170995
-0.215276
-0.26136
-0.307605
-0.352473
-0.394285
-0.431377
-0.462301
-0.485987
-0.501861
-0.509796
-0.510166
-0.503643
-0.491146
-0.473668
-0.452511
-0.428883
-0.403794
-0.377392
-0.349462
-0.319476
-0.287699
-0.256592
-0.232675
-0.224487
-0.161845
-0.178218
-0.191229
-0.195745
-0.192166
-0.178733
-0.156486
-0.125833
-0.0908741
-0.055536
-0.0268284
-0.0101246
-0.0094617
-0.0240916
-0.0500319
-0.0805199
-0.109233
-0.132019
-0.14727
-0.154698
-0.154064
-0.144443
-0.12466
-0.0944889
-0.0556775
-0.0120561
0.0315038
0.0710843
0.104957
0.1332
0.151794
0.167202
0.183814
0.201677
0.220405
0.239831
0.259364
0.278651
0.296903
0.313645
0.327775
0.338795
0.345816
0.348389
0.345943
0.338418
0.325948
0.308638
0.287301
0.262487
0.235062
0.205933
0.175972
0.145779
0.116318
0.087883
0.061084
0.0358372
0.0123323
-0.0101797
-0.0411249
-0.0885074
-0.146935
-0.215161
-0.288799
-0.361362
-0.425579
-0.475213
-0.506423
-0.518497
-0.513295
-0.494317
-0.465485
-0.430144
-0.390511
-0.348349
-0.304916
-0.261062
-0.218103
-0.177281
-0.139138
-0.104415
-0.074235
-0.048624
-0.0266812
-0.00837715
0.00796122
0.0163032
0.0159742
0.00108683
-0.00911716
-0.0235724
-0.0438474
-0.0695356
-0.0998447
-0.13408
-0.171067
-0.209296
-0.247013
-0.282693
-0.314705
-0.342056
-0.363615
-0.378681
-0.386787
-0.387891
-0.382606
-0.371671
-0.356526
-0.338411
-0.318687
-0.298298
-0.277991
-0.258202
-0.238353
-0.21725
-0.194389
-0.171527
-0.153861
-0.149988
-0.103912
-0.120963
-0.138693
-0.152205
-0.159698
-0.158775
-0.149436
-0.130929
-0.105279
-0.0751071
-0.046152
-0.024196
-0.0147684
-0.0197214
-0.0373338
-0.0626026
-0.0894382
-0.11275
-0.129652
-0.138893
-0.139735
-0.131227
-0.112399
-0.0832665
-0.0457895
-0.00393216
0.0374294
0.0745832
0.106143
0.132352
0.149331
0.163524
0.178921
0.195525
0.21298
0.231117
0.249378
0.267424
0.284508
0.300199
0.313432
0.323729
0.33025
0.332556
0.330094
0.322815
0.310853
0.294314
0.273986
0.250394
0.224384
0.19684
0.168552
0.140135
0.112496
0.0858983
0.0608927
0.0373907
0.0155793
-0.00522017
-0.033986
-0.078439
-0.133499
-0.198156
-0.26826
-0.337462
-0.398491
-0.445181
-0.473728
-0.4834
-0.476049
-0.45517
-0.424669
-0.387706
-0.346608
-0.303322
-0.258955
-0.214785
-0.172537
-0.132931
-0.0965537
-0.0649229
-0.0385921
-0.016042
0.0035742
0.0174557
0.0196756
0.00996233
-0.00943423
-0.0393655
-0.0462679
-0.0515504
-0.0676792
-0.0895252
-0.117116
-0.148242
-0.181085
-0.213995
-0.244744
-0.27166
-0.293743
-0.30996
-0.320335
-0.324442
-0.322808
-0.315588
-0.303567
-0.287768
-0.2692
-0.249254
-0.228973
-0.209548
-0.191334
-0.174139
-0.157727
-0.141723
-0.125276
-0.108513
-0.0953481
-0.093111
-0.0587347
-0.0735542
-0.0913484
-0.108324
-0.122579
-0.130852
-0.131943
-0.124343
-0.10854
-0.0860903
-0.0606546
-0.0375879
-0.0227555
-0.0200025
-0.0297968
-0.0490503
-0.0726561
-0.0952699
-0.112997
-0.123651
-0.125884
-0.118538
-0.100765
-0.0727597
-0.0366766
0.00338185
0.0425662
0.0773706
0.106725
0.131016
0.146493
0.159569
0.173845
0.189275
0.205538
0.222465
0.239531
0.256404
0.27238
0.287069
0.299446
0.309047
0.315086
0.317134
0.314658
0.307615
0.296142
0.280344
0.260986
0.238566
0.213911
0.187876
0.161177
0.134444
0.108525
0.0836471
0.0603061
0.0384194
0.0181791
-0.00103408
-0.0277687
-0.0694523
-0.121299
-0.182502
-0.249142
-0.314997
-0.372876
-0.416579
-0.442456
-0.449768
-0.440307
-0.41759
-0.38545
-0.346995
-0.304804
-0.260726
-0.215958
-0.172456
-0.131577
-0.093676
-0.0606062
-0.0338392
-0.0119715
0.00477063
0.00991567
-0.0025899
-0.0326617
-0.0637334
-0.0896402
-0.114058
-0.110662
-0.121502
-0.136644
-0.157
-0.18286
-0.21105
-0.241704
-0.269712
-0.294679
-0.313129
-0.325339
-0.330498
-0.328932
-0.321019
-0.30715
-0.288521
-0.266056
-0.241198
-0.215564
-0.190462
-0.167082
-0.145892
-0.127689
-0.112439
-0.0989322
-0.0854763
-0.0721393
-0.0600804
-0.0511231
-0.0499094
-0.0241366
-0.0363182
-0.0522109
-0.0689514
-0.0856278
-0.0992527
-0.107922
-0.109479
-0.102837
-0.0886024
-0.068966
-0.0479423
-0.0309838
-0.0229344
-0.0261437
-0.0394
-0.0589287
-0.0798271
-0.0975787
-0.109155
-0.112597
-0.106396
-0.0897252
-0.0629214
-0.0282767
0.00996478
0.0470009
0.0795436
0.106802
0.129287
0.143367
0.155415
0.168658
0.182997
0.198141
0.213931
0.229874
0.245641
0.260566
0.274302
0.285863
0.294796
0.30037
0.30217
0.299682
0.292868
0.281866
0.266782
0.248354
0.227058
0.203703
0.179103
0.153911
0.128777
0.104482
0.0812102
0.0594145
0.0390305
0.0202546
0.00250956
-0.0223386
-0.0614085
-0.110196
-0.168072
-0.231328
-0.293874
-0.348604
-0.389348
-0.412592
-0.417576
-0.406068
-0.381574
-0.347862
-0.308187
-0.265246
-0.220763
-0.176489
-0.134528
-0.095545
-0.0610714
-0.0341002
-0.0144451
-0.0021344
-0.00579294
-0.0321787
-0.0686223
-0.0987838
-0.120738
-0.150676
-0.182407
-0.202359
-0.227728
-0.253831
-0.280973
-0.309512
-0.340618
-0.370639
-0.397501
-0.415433
-0.424715
-0.424247
-0.415514
-0.398746
-0.37472
-0.344674
-0.309424
-0.271362
-0.23235
-0.194705
-0.15998
-0.129492
-0.103644
-0.0819672
-0.0646723
-0.0521439
-0.0425713
-0.0325672
-0.0223122
-0.0155338
-0.0161467
0.00135227
-0.00853096
-0.021591
-0.0362715
-0.0525338
-0.068097
-0.0809679
-0.0890797
-0.09036
-0.0839005
-0.0709017
-0.0540564
-0.0376619
-0.0267593
-0.0249892
-0.0329143
-0.0480686
-0.0664862
-0.0835692
-0.0955615
-0.0999498
-0.0948298
-0.079264
-0.0537089
-0.0205407
0.0158874
0.0508116
0.0811854
0.106457
0.127246
0.140029
0.151126
0.163417
0.176745
0.190841
0.205561
0.220447
0.235174
0.249103
0.261932
0.272717
0.281013
0.286139
0.287702
0.285205
0.278613
0.268064
0.253666
0.236132
0.215915
0.193805
0.170568
0.14681
0.123194
0.100427
0.0786528
0.0582958
0.0393174
0.0219085
0.00551759
-0.0175836
-0.0541883
-0.100067
-0.15475
-0.214712
-0.273995
-0.325591
-0.363435
-0.384094
-0.386802
-0.373322
-0.347118
-0.312007
-0.271429
-0.228064
-0.183837
-0.141011
-0.101263
-0.0656472
-0.037539
-0.0192002
-0.00979963
-0.015519
-0.0422662
-0.0752887
-0.100333
-0.112596
-0.127519
-0.163301
-0.211836
-0.262901
-0.325549
-0.382703
-0.441472
-0.489297
-0.533117
-0.571286
-0.60208
-0.619349
-0.618557
-0.601769
-0.57148
-0.532045
-0.485624
-0.434069
-0.378798
-0.321464
-0.264791
-0.210942
-0.16237
-0.120478
-0.0862175
-0.0587587
-0.0368442
-0.0203792
-0.0100746
-0.00362744
0.00295954
0.00907503
0.0092765
0.0155707
0.00982224
0.000344405
-0.0112522
-0.0250741
-0.040143
-0.0544457
-0.0660269
-0.0732169
-0.0737254
-0.067213
-0.0555298
-0.0417314
-0.030161
-0.0250761
-0.0286861
-0.0397144
-0.0551844
-0.0710227
-0.0829846
-0.0880092
-0.0838621
-0.0693841
-0.0450845
-0.0134245
0.0212083
0.0540709
0.0823677
0.105765
0.124961
0.136542
0.146758
0.158169
0.170561
0.183679
0.19739
0.211282
0.225032
0.238019
0.249986
0.260034
0.267723
0.272421
0.273757
0.271255
0.264878
0.254766
0.241027
0.224353
0.205172
0.18425
0.16231
0.139915
0.117741
0.0964085
0.0760294
0.0570178
0.0393594
0.023224
0.00807632
-0.0134091
-0.0476887
-0.0908076
-0.142432
-0.199196
-0.255271
-0.303777
-0.338789
-0.356919
-0.357428
-0.342061
-0.314263
-0.277999
-0.236836
-0.193507
-0.150351
-0.109796
-0.0733172
-0.0432803
-0.0235275
-0.0139942
-0.0157879
-0.036325
-0.0653344
-0.0838134
-0.0867276
-0.0881341
-0.109457
-0.15932
-0.246
-0.345358
-0.415304
-0.50096
-0.576784
-0.648417
-0.706234
-0.754897
-0.789652
-0.805484
-0.795982
-0.762388
-0.711757
-0.650794
-0.585195
-0.51631
-0.445192
-0.372524
-0.301908
-0.236112
-0.177527
-0.127498
-0.0867052
-0.0546353
-0.0296311
-0.0102319
0.00323529
0.0108729
0.0152296
0.0189855
0.0201482
0.0176537
0.0168339
0.0128446
0.00541855
-0.00434814
-0.0166181
-0.0305192
-0.0432628
-0.0536274
-0.0596357
-0.0591912
-0.0527032
-0.0426049
-0.0322822
-0.0254979
-0.0258059
-0.0333456
-0.0457878
-0.0599054
-0.0714628
-0.0768431
-0.0735009
-0.0600853
-0.0370276
-0.00688107
0.025976
0.0568435
0.0831542
0.104785
0.122492
0.132962
0.142358
0.152951
0.164479
0.176687
0.18945
0.202403
0.215236
0.227335
0.238482
0.247832
0.254945
0.259235
0.260355
0.25785
0.251683
0.241992
0.228888
0.21304
0.194852
0.175066
0.154356
0.13326
0.11245
0.0924628
0.073386
0.055639
0.039221
0.0242669
0.0102566
-0.00973333
-0.0418202
-0.0823235
-0.131027
-0.184694
-0.237606
-0.283108
-0.315375
-0.331044
-0.329443
-0.312287
-0.283068
-0.245937
-0.204551
-0.161849
-0.120568
-0.0830878
-0.0511868
-0.0280345
-0.0155969
-0.0123227
-0.0224264
-0.0449167
-0.0579273
-0.0566808
-0.0598705
-0.0697373
-0.106075
-0.219382
-0.312638
-0.424332
-0.468901
-0.552678
-0.624452
-0.697516
-0.755618
-0.799089
-0.826729
-0.835036
-0.821313
-0.784284
-0.729543
-0.663809
-0.593573
-0.52035
-0.445791
-0.364448
-0.292584
-0.226823
-0.16918
-0.120836
-0.0818537
-0.0517654
-0.0290998
-0.0120352
-1.41775e-05
0.00711931
0.0111026
0.0152666
0.0182599
0.0187073
0.0181137
0.0166657
0.0146336
0.0093292
0.00148112
-0.0100293
-0.022628
-0.0341206
-0.0432787
-0.0479691
-0.0465537
-0.040316
-0.0323972
-0.0256594
-0.0236488
-0.0283346
-0.0380496
-0.0501705
-0.0609642
-0.0664857
-0.0637668
-0.0513494
-0.0295284
-0.000868856
0.0302382
0.0591833
0.083602
0.103569
0.119886
0.129334
0.137968
0.147798
0.158525
0.169888
0.181761
0.19383
0.205801
0.217063
0.227434
0.236121
0.24269
0.246593
0.247508
0.245004
0.239041
0.229757
0.217263
0.202208
0.184971
0.166268
0.146729
0.126868
0.107349
0.088619
0.070762
0.0542077
0.0389529
0.0250889
0.0121186
-0.00648424
-0.0365045
-0.074533
-0.120453
-0.171132
-0.220927
-0.263499
-0.293141
-0.306446
-0.302839
-0.284014
-0.2536
-0.215914
-0.174725
-0.133286
-0.0945632
-0.0608112
-0.0340616
-0.0166974
-0.00791044
-0.00694662
-0.017815
-0.0288594
-0.0261163
-0.0220242
-0.0452341
-0.102389
-0.1386
-0.304195
-0.365127
-0.395083
-0.425608
-0.476029
-0.532895
-0.587491
-0.630748
-0.660122
-0.677678
-0.68245
-0.671737
-0.644242
-0.602814
-0.551558
-0.493939
-0.431816
-0.36691
-0.301094
-0.237979
-0.18013
-0.129433
-0.0868536
-0.0528769
-0.0276431
-0.0105405
0.000395388
0.00645623
0.00874918
0.00912196
0.010145
0.015645
0.0190921
0.0246553
0.0245228
0.0235
0.0193687
0.0144116
0.00624009
-0.00494229
-0.0165313
-0.0267836
-0.0346438
-0.0379183
-0.0355686
-0.0302947
-0.0248352
-0.0218413
-0.0241841
-0.0315892
-0.0417452
-0.0514598
-0.0569077
-0.0546856
-0.0431593
-0.0225659
0.00463935
0.0340417
0.0611376
0.0837604
0.10216
0.117182
0.125694
0.13362
0.142737
0.152719
0.163299
0.174341
0.185576
0.196737
0.207211
0.216847
0.224908
0.230964
0.2345
0.235223
0.232723
0.22696
0.218068
0.206161
0.191867
0.175541
0.157869
0.139442
0.120756
0.102453
0.0849006
0.0681901
0.0527621
0.0385929
0.0257312
0.0137147
-0.00359816
-0.031673
-0.0673644
-0.110643
-0.158429
-0.205201
-0.24491
-0.272018
-0.28309
-0.277597
-0.257258
-0.225918
-0.188006
-0.147469
-0.107856
-0.0721028
-0.0421853
-0.0197359
-0.00525791
0.00380411
0.00633618
0.0021452
0.0018719
0.00179064
-0.0163778
-0.0675393
-0.152913
-0.226122
-0.293113
-0.305956
-0.285332
-0.291867
-0.33169
-0.376341
-0.412652
-0.438181
-0.456296
-0.469098
-0.475295
-0.472646
-0.459887
-0.437099
-0.405536
-0.366736
-0.323026
-0.27626
-0.228526
-0.181486
-0.136655
-0.0951923
-0.0580083
-0.0262704
-0.00142471
0.0161994
0.0269523
0.0319889
0.0314148
0.0243
0.0137468
0.00944441
-0.0269338
-0.00692907
0.0117181
0.0221525
0.0229909
0.0213127
0.0176007
0.00950351
-0.00142811
-0.0119824
-0.0209054
-0.0274213
-0.0289962
-0.0264054
-0.0226486
-0.0198133
-0.0206175
-0.0260386
-0.0344467
-0.042946
-0.0480668
-0.0462485
-0.0355129
-0.0161083
0.00966536
0.0374267
0.06275
0.0836709
0.100597
0.114411
0.122069
0.129343
0.137792
0.147078
0.156932
0.167198
0.177648
0.188047
0.197784
0.206724
0.214193
0.219767
0.222959
0.2235
0.221008
0.21544
0.206926
0.195584
0.182021
0.166564
0.149873
0.132505
0.114935
0.0977766
0.0813258
0.0656962
0.0513306
0.0381693
0.0262282
0.0150906
-0.00102051
-0.0272657
-0.0607558
-0.101534
-0.146519
-0.190388
-0.227335
-0.251976
-0.260958
-0.253706
-0.23205
-0.200061
-0.162252
-0.122806
-0.085401
-0.0526308
-0.0259271
-0.00608056
0.0081171
0.0189146
0.0246615
0.0252932
0.0235696
0.00442098
-0.0423847
-0.120101
-0.181361
-0.222378
-0.21297
-0.192914
-0.156763
-0.166435
-0.201074
-0.232246
-0.255811
-0.274161
-0.289345
-0.301322
-0.308187
-0.308585
-0.302687
-0.292434
-0.278819
-0.262031
-0.241411
-0.216781
-0.188821
-0.158125
-0.126213
-0.0940529
-0.0631812
-0.0348957
-0.0107984
0.00793986
0.0211416
0.028431
0.0512084
0.0347549
0.00935121
-0.018862
-0.0519946
-0.0413961
-0.0217639
0.00130103
0.0153921
0.0197546
0.0210476
0.018647
0.0109123
0.000694851
-0.00839905
-0.0162182
-0.0209506
-0.0212041
-0.0192333
-0.0172068
-0.0173387
-0.021163
-0.0280345
-0.0353717
-0.0399502
-0.0384123
-0.0284091
-0.0101283
0.0142362
0.0404247
0.0640613
0.0833701
0.098912
0.111599
0.118482
0.125157
0.132981
0.141614
0.150794
0.16034
0.170052
0.179735
0.188778
0.197064
0.203974
0.209095
0.211963
0.212335
0.209856
0.204478
0.19633
0.185531
0.172667
0.15804
0.142284
0.12592
0.109408
0.0933266
0.0779086
0.0632998
0.0499332
0.0377032
0.0266092
0.0162856
0.00129502
-0.0232311
-0.0546561
-0.0930666
-0.135347
-0.176424
-0.210706
-0.233011
-0.240027
-0.231158
-0.20841
-0.176043
-0.138654
-0.100654
-0.0655945
-0.0354625
-0.0110549
0.00753562
0.0221576
0.0335392
0.039161
0.0338482
0.0174702
-0.0245977
-0.0869721
-0.141465
-0.167945
-0.165827
-0.140182
-0.114637
-0.096777
-0.10634
-0.127499
-0.146869
-0.160728
-0.169583
-0.176061
-0.181833
-0.188095
-0.195094
-0.202099
-0.207915
-0.211096
-0.210947
-0.206699
-0.1989
-0.187111
-0.172488
-0.155059
-0.135783
-0.115479
-0.0941821
-0.0731057
-0.0538218
-0.0368261
-0.0239085
-0.0146284
-0.0162587
-0.0265869
-0.026624
-0.0432122
-0.0278845
-0.0193491
-0.00870884
0.00421184
0.0140052
0.0185194
0.0207282
0.0185765
0.010972
0.00230007
-0.00564408
-0.0121098
-0.0149576
-0.0148811
-0.0139268
-0.0140378
-0.0168085
-0.0223163
-0.0286183
-0.0325551
-0.0311382
-0.0218309
-0.00460517
0.0183825
0.043062
0.0651079
0.0828917
0.0971338
0.108772
0.114951
0.121078
0.128319
0.136338
0.14489
0.153768
0.162789
0.171797
0.180192
0.187861
0.194243
0.19894
0.201508
0.201722
0.199258
0.194066
0.186271
0.175996
0.163801
0.149965
0.135097
0.119688
0.104178
0.0891076
0.0746589
0.0610143
0.0485831
0.0372112
0.0269
0.0173341
0.00338741
-0.0195268
-0.0490202
-0.0851835
-0.124864
-0.163254
-0.194995
-0.215099
-0.220264
-0.209947
-0.186343
-0.153844
-0.117177
-0.0808811
-0.0480831
-0.0201075
0.00249558
0.0202366
0.0341306
0.0423752
0.0407492
0.0210227
-0.00981475
-0.0605238
-0.107146
-0.127824
-0.125957
-0.109265
-0.0889063
-0.0746871
-0.0694151
-0.0741351
-0.0847999
-0.0937936
-0.0999184
-0.107148
-0.117316
-0.128385
-0.13831
-0.147862
-0.159063
-0.171721
-0.184847
-0.197581
-0.209898
-0.221245
-0.232079
-0.243067
-0.253193
-0.261184
-0.262654
-0.255115
-0.236429
-0.210237
-0.18238
-0.154694
-0.131777
-0.111704
-0.0954027
-0.0686279
-0.0345896
-0.00869658
-0.00560179
-0.00564238
0.00141052
0.0105665
0.0158532
0.0191281
0.0210712
0.017817
0.0109552
0.00358643
-0.00339407
-0.00807016
-0.0098149
-0.01006
-0.0105471
-0.0127704
-0.017164
-0.0225471
-0.0258594
-0.0244063
-0.015743
0.000476078
0.0221357
0.0453652
0.0659186
0.0822671
0.0952873
0.10595
0.111489
0.117115
0.123816
0.131259
0.139224
0.147483
0.155856
0.164231
0.172018
0.179108
0.184994
0.189293
0.191581
0.191649
0.189205
0.184196
0.176742
0.166968
0.155413
0.14233
0.128307
0.113804
0.0992422
0.0851207
0.071583
0.058848
0.0472889
0.0367069
0.0271233
0.018265
0.00528729
-0.016117
-0.0438063
-0.0778375
-0.115023
-0.15083
-0.180179
-0.198204
-0.201647
-0.190066
-0.165828
-0.13343
-0.0977636
-0.0633168
-0.0325824
-0.00645338
0.0143967
0.030341
0.0408952
0.0418989
0.028527
6.16638e-05
-0.0352231
-0.0704503
-0.0892709
-0.0953774
-0.085502
-0.0700968
-0.0558402
-0.0444566
-0.0403974
-0.051455
-0.0650542
-0.0734576
-0.0796238
-0.0863405
-0.0940092
-0.101489
-0.109723
-0.121003
-0.136378
-0.155158
-0.177413
-0.20339
-0.233885
-0.269361
-0.311434
-0.360264
-0.414794
-0.4656
-0.500887
-0.510231
-0.490218
-0.448343
-0.394478
-0.336787
-0.279465
-0.220274
-0.157903
-0.100325
-0.0706286
-0.0274079
0.00818708
-0.000742175
0.00439418
0.0108116
0.0162958
0.0183544
0.0210249
0.0212472
0.017195
0.0111799
0.00453279
-0.00109111
-0.00431939
-0.0057441
-0.00681172
-0.00890973
-0.0124885
-0.0170376
-0.0198047
-0.0182148
-0.0101057
0.00513613
0.0255222
0.0473614
0.0665171
0.0815221
0.0933953
0.103148
0.108107
0.113277
0.119478
0.126382
0.133798
0.141482
0.14925
0.157029
0.164249
0.170797
0.176215
0.180142
0.18217
0.182106
0.179683
0.174853
0.167727
0.158436
0.147492
0.135124
0.121904
0.108262
0.0945946
0.081364
0.0686833
0.0568051
0.0460563
0.036202
0.0272982
0.0191
0.0070177
-0.0129711
-0.0389792
-0.0709872
-0.105776
-0.139119
-0.166224
-0.182288
-0.184158
-0.171493
-0.146832
-0.114765
-0.0803493
-0.0478045
-0.0189916
0.00507241
0.0235609
0.0363937
0.0410344
0.0334182
0.0117471
-0.0166859
-0.0457527
-0.065214
-0.0725506
-0.0686253
-0.0564905
-0.0448811
-0.0347432
-0.0298926
-0.0353183
-0.046225
-0.0508966
-0.0525965
-0.0532656
-0.0543753
-0.0548605
-0.0563766
-0.0631396
-0.0772887
-0.097741
-0.123948
-0.156048
-0.194448
-0.239472
-0.292113
-0.354013
-0.426223
-0.505785
-0.580957
-0.637143
-0.659032
-0.644801
-0.598691
-0.532429
-0.457234
-0.380514
-0.321503
-0.200706
-0.189829
-0.104257
-0.0695173
0.00134626
-0.00213133
0.00887452
0.0116725
0.0173
0.0195691
0.021328
0.0228076
0.0211834
0.0169886
0.0113241
0.00553187
0.00127821
-0.001181
-0.00286268
-0.00510337
-0.00819919
-0.0120066
-0.0143158
-0.0125548
-0.00489689
0.00940789
0.0285642
0.0490752
0.0669269
0.0806773
0.091477
0.100382
0.104813
0.109568
0.115309
0.121709
0.128612
0.135763
0.142965
0.150184
0.156874
0.162915
0.167895
0.171474
0.173261
0.173075
0.170679
0.166023
0.159214
0.150386
0.140023
0.128336
0.115879
0.103051
0.090228
0.0778334
0.0659593
0.0548866
0.0448884
0.0357067
0.0274401
0.019854
0.00859604
-0.0100632
-0.0345109
-0.0645921
-0.0970803
-0.128094
-0.153095
-0.167323
-0.167765
-0.154197
-0.12932
-0.0978177
-0.0648724
-0.034266
-0.00751226
0.014069
0.0294643
0.0378681
0.0352047
0.021193
-0.00207293
-0.0262097
-0.0461508
-0.0546943
-0.0538576
-0.0464915
-0.0381332
-0.0335785
-0.0332605
-0.0474545
-0.0636924
-0.060862
-0.0539536
-0.0405871
-0.0239548
-0.00698863
0.00400662
0.00446125
-0.00616182
-0.0257441
-0.0524296
-0.0856793
-0.124644
-0.168937
-0.21737
-0.273521
-0.329545
-0.387829
-0.447923
-0.503658
-0.544803
-0.561214
-0.550998
-0.51621
-0.464208
-0.400667
-0.33237
-0.264149
-0.194795
-0.146358
-0.0971267
-0.0769673
-0.0263838
-0.00669494
0.012505
0.0148334
0.0195577
0.0217016
0.0228186
0.0241481
0.0238253
0.0211978
0.0168077
0.0114975
0.00673149
0.00341725
0.00117781
-0.00128708
-0.00419711
-0.00737048
-0.00932239
-0.00739862
-0.000108683
0.013324
0.0312897
0.0505256
0.0671696
0.0797521
0.0895487
0.0976644
0.101615
0.10599
0.11131
0.11724
0.123662
0.130318
0.136993
0.143687
0.149882
0.15545
0.160019
0.163273
0.164839
0.164543
0.162175
0.157689
0.151184
0.1428
0.132991
0.121951
0.110217
0.0981607
0.0861334
0.0745229
0.0634083
0.0530911
0.0437873
0.0352296
0.0275609
0.0205377
0.010037
-0.00737252
-0.0303783
-0.0586121
-0.0889027
-0.117729
-0.140762
-0.153281
-0.152433
-0.138159
-0.113257
-0.0825617
-0.0513126
-0.0226783
0.00173216
0.0203469
0.03202
0.0348552
0.026171
0.00977823
-0.0112494
-0.0299815
-0.040991
-0.0423846
-0.0392662
-0.0353526
-0.0329622
-0.0402301
-0.0517669
-0.0489455
-0.0314246
-0.0572438
-0.0574847
-0.0456118
-0.0251217
-0.000577686
0.0155272
0.016966
0.00575248
-0.0155557
-0.0440287
-0.077433
-0.114878
-0.155258
-0.197711
-0.240215
-0.280917
-0.317345
-0.347995
-0.370499
-0.382084
-0.379935
-0.364506
-0.338463
-0.304962
-0.264219
-0.217533
-0.167233
-0.118886
-0.0932638
-0.0500656
-0.0531854
-0.0401638
-0.0124858
0.00668689
0.0173468
0.021912
0.0246041
0.025
0.0258455
0.0259893
0.0243688
0.0210695
0.0165791
0.0118467
0.00792679
0.00516024
0.00250157
-0.000399234
-0.00317081
-0.00478678
-0.00270006
0.00427502
0.0169013
0.0337324
0.0517329
0.0672621
0.078764
0.0876247
0.0950048
0.0985187
0.102545
0.107478
0.112973
0.118944
0.125141
0.131325
0.137526
0.143259
0.148387
0.152571
0.155524
0.156884
0.156489
0.154153
0.149833
0.143622
0.135663
0.12638
0.115953
0.104907
0.0935796
0.0823009
0.0714255
0.0610258
0.0514164
0.0427544
0.0347779
0.0276691
0.0211596
0.0113561
-0.00488423
-0.0265593
-0.0530084
-0.081219
-0.107996
-0.129196
-0.140125
-0.138135
-0.123362
-0.0986094
-0.0689744
-0.0396097
-0.0130951
0.0087362
0.0239854
0.0314004
0.028693
0.0171691
0.000914425
-0.0165072
-0.0288014
-0.0327237
-0.0316392
-0.028773
-0.024552
-0.0188446
-0.00735543
-0.00403142
-0.00751155
-0.0282539
-0.0502863
-0.0602518
-0.0648504
-0.0521188
-0.0382691
-0.0305785
-0.033807
-0.0448445
-0.0624718
-0.0842354
-0.10674
-0.130534
-0.154783
-0.179508
-0.203455
-0.22602
-0.245619
-0.259892
-0.267015
-0.26601
-0.256734
-0.239137
-0.214982
-0.187324
-0.157019
-0.124181
-0.0895181
-0.0544768
-0.0317437
-0.010563
-0.0197743
-0.0288528
-0.0147753
-0.000240047
0.0143868
0.0218085
0.0266396
0.0273728
0.0276417
0.027901
0.0269578
0.0244576
0.0207338
0.0164126
0.0122557
0.0090145
0.00616759
0.00323518
0.000708047
-0.000670488
0.00157671
0.00828024
0.020149
0.0359207
0.0527241
0.0672175
0.0777271
0.0857167
0.0924126
0.0955287
0.0992351
0.103814
0.108905
0.114453
0.120222
0.125951
0.13169
0.136991
0.141709
0.145536
0.148207
0.14938
0.148897
0.146596
0.142438
0.13651
0.128957
0.120174
0.11033
0.099935
0.0892954
0.07872
0.0685334
0.0588067
0.0498595
0.0417906
0.0343571
0.0277714
0.0217294
0.0125708
-0.00258786
-0.0230285
-0.0477475
-0.0740114
-0.0988633
-0.118373
-0.127817
-0.124857
-0.109774
-0.0853586
-0.0570558
-0.0296037
-0.00539458
0.0135521
0.0251725
0.028186
0.0216524
0.00963178
-0.00519827
-0.0177151
-0.0237011
-0.0236104
-0.0205137
-0.0130607
0.00177856
0.0183688
0.0305734
0.0419575
0.0321795
-0.0109881
-0.0473329
-0.094013
-0.147895
-0.181067
-0.189396
-0.183201
-0.172472
-0.164435
-0.159813
-0.158636
-0.159382
-0.16178
-0.166165
-0.170991
-0.175437
-0.178659
-0.180725
-0.181052
-0.179522
-0.175286
-0.167695
-0.157083
-0.141671
-0.121932
-0.0998698
-0.0752405
-0.0466865
-0.019647
-0.0049446
0.00601426
0.00115948
-0.00932922
-0.00896226
-0.000936951
0.00948349
0.0187313
0.0257747
0.0288014
0.0292348
0.0294497
0.0290279
0.0272306
0.0241452
0.0203194
0.0162469
0.0127077
0.00966281
0.00668309
0.00431614
0.00333201
0.00546669
0.0119293
0.0230886
0.0378731
0.0535249
0.0670481
0.0766531
0.0838336
0.0898952
0.0926494
0.0960606
0.100316
0.105034
0.110183
0.115553
0.12086
0.126167
0.131064
0.135403
0.138896
0.141306
0.142307
0.141747
0.139484
0.135484
0.129828
0.122664
0.114356
0.105065
0.0952865
0.085295
0.0753796
0.0658385
0.0567452
0.0484167
0.0408959
0.0339712
0.0278728
0.0222577
0.0136984
-0.000474886
-0.0197565
-0.0428043
-0.0672629
-0.0903052
-0.108259
-0.116321
-0.112597
-0.0973367
-0.0734665
-0.0467221
-0.0211945
0.000575003
0.0163635
0.0243049
0.0235145
0.0152997
0.00389505
-0.00782753
-0.0152723
-0.0163875
-0.012836
-0.00373479
0.0117228
0.0276545
0.0393675
0.0516909
0.0316817
-0.0182435
-0.156622
-0.103529
-0.183814
-0.25055
-0.306644
-0.328437
-0.323458
-0.302939
-0.275884
-0.250043
-0.225859
-0.204003
-0.18383
-0.16685
-0.152738
-0.140777
-0.130048
-0.120345
-0.111322
-0.102183
-0.0936553
-0.0853807
-0.0786674
-0.0756039
-0.0740167
-0.0711843
-0.062641
-0.0455219
-0.0157618
0.0100397
0.0354226
0.0253869
0.0103561
0.00296425
0.00378368
0.00839593
0.0161561
0.0228063
0.0283459
0.0300143
0.0305448
0.0305279
0.0293997
0.0269519
0.023616
0.0197813
0.0161522
0.0129749
0.00992624
0.00763426
0.00683775
0.00898327
0.015244
0.0257416
0.0396046
0.0541594
0.0667661
0.0755516
0.0819832
0.0874589
0.0898849
0.0930231
0.096982
0.101357
0.106132
0.111127
0.116042
0.120947
0.125468
0.129453
0.132636
0.134804
0.135647
0.135021
0.132799
0.128953
0.123559
0.116766
0.108908
0.100142
0.0909465
0.0815644
0.0722678
0.0633319
0.0548349
0.0470833
0.0400695
0.0336218
0.0279769
0.0227545
0.0147543
0.00146484
-0.0167126
-0.0381634
-0.0609516
-0.0823024
-0.0988145
-0.105611
-0.101344
-0.0859707
-0.0629043
-0.0378094
-0.0144203
0.00488457
0.0174421
0.0220012
0.0185844
0.0101837
0.000331018
-0.00755991
-0.0101492
-0.0068628
0.00183866
0.0156842
0.0300912
0.040702
0.0366879
0.0340689
-0.0312185
-0.0820574
-0.122423
-0.14941
-0.206355
-0.261575
-0.311761
-0.339957
-0.342962
-0.329423
-0.307812
-0.284458
-0.258282
-0.228971
-0.196513
-0.163721
-0.133363
-0.107206
-0.0853645
-0.068127
-0.0554774
-0.0476071
-0.0431691
-0.0412871
-0.0395375
-0.0421106
-0.0503008
-0.0598625
-0.0592717
-0.0412634
-0.00915589
0.0386656
0.0550234
0.0636473
0.0553369
0.0334023
0.0173397
0.0135101
0.0165018
0.0208898
0.0264436
0.0296335
0.030935
0.0313515
0.0309104
0.029129
0.0263558
0.022858
0.0192569
0.0160581
0.0129756
0.010683
0.0100402
0.0121505
0.0182425
0.0281274
0.0411297
0.0546514
0.0663822
0.0744312
0.0801724
0.0851086
0.0872386
0.0901236
0.0938104
0.0978715
0.102295
0.106938
0.11149
0.116019
0.12019
0.123847
0.126742
0.128684
0.129384
0.1287
0.126521
0.122825
0.117682
0.111242
0.103811
0.0955432
0.0868982
0.0780881
0.0693716
0.0610041
0.0530683
0.0458533
0.0393086
0.0333086
0.0280855
0.0232271
0.0157495
0.00324522
-0.0138691
-0.0338153
-0.0550516
-0.0748378
-0.0899881
-0.0956812
-0.0910441
-0.0755995
-0.0536654
-0.0301378
-0.00897805
0.00768706
0.0171692
0.0189574
0.0142288
0.00658334
-0.000775453
-0.00455845
-0.00263614
0.00477097
0.0163218
0.0288212
0.0368164
0.0346158
0.0169351
-0.0110463
-0.0617296
-0.0799128
-0.0703128
-0.0947125
-0.133392
-0.171001
-0.209323
-0.242688
-0.266204
-0.280558
-0.285794
-0.280203
-0.263807
-0.238789
-0.206839
-0.171415
-0.136788
-0.107298
-0.0841413
-0.0685403
-0.0585916
-0.0546246
-0.053714
-0.0540515
-0.0519983
-0.0518074
-0.0554276
-0.0587875
-0.0582806
-0.0384791
-0.00452779
0.0359843
0.0458956
0.0716119
0.0716812
0.0629121
0.0452219
0.0275082
0.0217307
0.0221973
0.0250122
0.0286695
0.0305911
0.0315869
0.0318237
0.0306982
0.0285127
0.0254909
0.0220045
0.0188423
0.0158288
0.0134788
0.0129584
0.0150009
0.0209389
0.0302708
0.0424566
0.0550222
0.0659092
0.0732981
0.0784075
0.0828479
0.0847129
0.0873631
0.0907987
0.0945735
0.0986702
0.102982
0.107195
0.111375
0.115219
0.118573
0.121201
0.122933
0.123499
0.122766
0.120631
0.11708
0.112177
0.106073
0.0990455
0.0912504
0.0831238
0.0748499
0.0666776
0.0588449
0.0514369
0.0447195
0.0386089
0.0330295
0.0281987
0.0236795
0.0166899
0.00488521
-0.0112045
-0.029752
-0.0495366
-0.0678868
-0.0817385
-0.0865279
-0.081598
-0.0662289
-0.0458427
-0.024734
-0.00470706
0.00919027
0.0160535
0.0158382
0.0109558
0.00486222
0.000383897
0.000617666
0.00603868
0.0154584
0.0260077
0.0324911
0.0307036
0.016008
-0.00501352
-0.0351284
-0.0459472
-0.0401823
-0.0171856
-0.033437
-0.057178
-0.0825277
-0.10677
-0.128718
-0.149135
-0.166515
-0.175513
-0.174438
-0.166562
-0.154636
-0.140974
-0.12696
-0.115432
-0.108199
-0.105509
-0.107181
-0.110949
-0.114846
-0.115922
-0.112155
-0.102593
-0.0920857
-0.0830995
-0.0776875
-0.0692351
-0.0445766
-0.00904307
0.0119037
-0.0087307
0.0364536
0.0651255
0.0675367
0.0622394
0.0473844
0.0334259
0.0272573
0.0260756
0.0280324
0.030025
0.0312957
0.0320644
0.0317434
0.0300873
0.0276348
0.0244169
0.0212914
0.0184465
0.0160498
0.0155998
0.0175734
0.0233498
0.0321912
0.0435971
0.0552845
0.0653629
0.0721574
0.0766941
0.0806791
0.0823084
0.0847407
0.087943
0.0914565
0.09525
0.0992507
0.103148
0.107002
0.110544
0.113617
0.115997
0.117533
0.117977
0.117201
0.115111
0.111697
0.107023
0.101237
0.0945915
0.0872451
0.0796059
0.0718346
0.0641737
0.0568445
0.0499314
0.0436738
0.0379655
0.0327812
0.0283146
0.0241114
0.0175776
0.00640347
-0.00870414
-0.025963
-0.0443829
-0.0614175
-0.074039
-0.0781239
-0.0729032
-0.0578843
-0.0391685
-0.0191336
-0.00140894
0.00973859
0.0145393
0.0131276
0.00889247
0.00465882
0.00330276
0.0066435
0.0138321
0.0226388
0.0283825
0.0270925
0.0169898
-0.00118352
-0.0177518
-0.0315937
-0.0219463
-0.00927794
0.00583144
-0.00252483
-0.0165895
-0.0239741
-0.0253371
-0.0276075
-0.0302208
-0.0275764
-0.0178605
-0.00763688
-0.000397892
-0.000633057
-0.00915203
-0.0267204
-0.0534994
-0.0859925
-0.1234
-0.160917
-0.194498
-0.214983
-0.220489
-0.211838
-0.19216
-0.166607
-0.143289
-0.130588
-0.122501
-0.112355
-0.0476291
-0.0749782
-0.049594
-0.0143728
0.0302476
0.0518315
0.0620236
0.0578483
0.0460402
0.0360979
0.0303037
0.0289217
0.029839
0.0309559
0.0318263
0.032274
0.0311772
0.0292516
0.0264799
0.023427
0.0207757
0.0184177
0.0179869
0.0199875
0.0254906
0.033898
0.0445701
0.0554478
0.0647576
0.0710143
0.0750363
0.0786022
0.0800237
0.0822542
0.0852382
0.0885121
0.0920249
0.0957356
0.09934
0.10289
0.106147
0.108962
0.111114
0.112468
0.112798
0.111985
0.10994
0.106658
0.102201
0.0967167
0.0904328
0.0835113
0.0763295
0.0690292
0.0618493
0.0549939
0.0485428
0.0427083
0.0373735
0.03256
0.0284299
0.0245194
0.0184101
0.00781582
-0.00635825
-0.0224335
-0.0395726
-0.0553968
-0.0668833
-0.0704129
-0.0648877
-0.0505537
-0.0333532
-0.0143884
0.000816136
0.00973663
0.0129278
0.0111483
0.00806524
0.00577322
0.00706988
0.0121709
0.0192017
0.0246205
0.0242827
0.0170589
0.00333263
-0.0103285
-0.0191159
-0.0179847
-0.00486491
0.00368528
0.00438145
-0.0131684
-0.0143622
-0.00546215
0.0026179
0.0116505
0.0253147
0.0424327
0.0563462
0.0637842
0.064005
0.0552809
0.0389572
0.0152388
-0.0368274
-0.0760746
-0.126321
-0.177155
-0.246376
-0.275218
-0.288179
-0.282674
-0.263166
-0.234131
-0.203731
-0.179546
-0.154608
-0.125521
-0.0897516
-0.0741996
-0.0536333
-0.038602
-0.00806611
0.0237014
0.0452184
0.0548403
0.0519833
0.0437678
0.0360619
0.03176
0.0305413
0.0309526
0.031454
0.0322792
0.0318882
0.0303696
0.0281504
0.0252849
0.0227926
0.020577
0.0201337
0.022141
0.0273869
0.0354033
0.0453897
0.0555224
0.0641066
0.0698735
0.0734372
0.076616
0.0778558
0.0798999
0.0826783
0.0857303
0.0889829
0.0924232
0.0957558
0.0990209
0.102013
0.104588
0.10653
0.107717
0.107942
0.107098
0.105099
0.101944
0.097695
0.0924971
0.0865551
0.0800357
0.0732821
0.0664235
0.0596959
0.0532843
0.0472619
0.0418162
0.0368289
0.0323623
0.0285403
0.0248971
0.0191827
0.00913616
-0.0041595
-0.0191469
-0.0350909
-0.0497919
-0.0602747
-0.0633215
-0.0575337
-0.0441871
-0.0282342
-0.0105034
0.00216005
0.00951373
0.011462
0.00999933
0.00811642
0.00759992
0.0107465
0.0161659
0.0210199
0.0219719
0.0165345
0.00684981
-0.00504367
-0.0119451
-0.0100582
0.00119741
0.00760831
-0.00484125
-0.0168949
-0.0427305
-0.0102887
-0.0110004
-0.00874575
-0.00410677
0.00735128
0.0207878
0.0310096
0.0373283
0.0362268
0.0294986
0.0163425
-0.000953073
-0.0245122
-0.0513866
-0.0833642
-0.119224
-0.155364
-0.184282
-0.202325
-0.207853
-0.2026
-0.186448
-0.162444
-0.136112
-0.111369
-0.0870503
-0.0615743
-0.0497256
-0.0356853
-0.0388266
-0.0303169
-0.00398988
0.0211988
0.0404969
0.0482442
0.0468416
0.0408423
0.0355053
0.0322631
0.0315113
0.0313628
0.0319399
0.0322721
0.0310962
0.0293859
0.0268694
0.0245159
0.0225005
0.0220559
0.0240452
0.0290623
0.0367217
0.0460682
0.0555154
0.063423
0.0687388
0.0718982
0.074718
0.0758008
0.0776742
0.0802578
0.0831024
0.0861123
0.0892995
0.0923805
0.0953805
0.0981221
0.100475
0.102223
0.103258
0.103389
0.10252
0.100569
0.0975382
0.09349
0.088564
0.0829454
0.0768055
0.0704524
0.064008
0.0577047
0.0517066
0.0460803
0.0409915
0.0363287
0.0321847
0.0286413
0.0252404
0.0198942
0.0103741
-0.00210229
-0.0160872
-0.0309215
-0.044574
-0.0542045
-0.0567836
-0.050865
-0.0386385
-0.0235692
-0.00752409
0.00298496
0.00923051
0.0103304
0.00966331
0.00865493
0.00959426
0.0135839
0.0177592
0.0195346
0.0163001
0.00894752
0.000401775
-0.00491773
-7.88502e-05
0.00884142
0.0136591
0.0105622
-0.0010005
-0.00869366
-0.020711
-0.0240864
-0.0265677
-0.030967
-0.0348571
-0.0332966
-0.0269256
-0.019563
-0.012652
-0.0107345
-0.0115623
-0.0158358
-0.0205076
-0.0248923
-0.027788
-0.0293633
-0.0308473
-0.0331039
-0.0364067
-0.0415955
-0.0474758
-0.0543033
-0.060534
-0.0615515
-0.0549073
-0.0442841
-0.0356927
-0.0255027
-0.0179786
-0.0116982
-0.0214889
-0.0309564
-0.0215151
-0.0010431
0.0214418
0.0363063
0.0432256
0.0420629
0.0383404
0.0344122
0.0324219
0.0318224
0.0315978
0.0322733
0.031591
0.0302136
0.0281383
0.0259774
0.0241751
0.023762
0.0257381
0.0305319
0.0378606
0.0466216
0.0554335
0.0627169
0.0676153
0.070419
0.0729057
0.0738552
0.0755738
0.077973
0.080622
0.0834043
0.0863535
0.0892017
0.0919564
0.094463
0.0966081
0.0981787
0.0990764
0.099123
0.0982349
0.0963341
0.0934247
0.0895704
0.0849025
0.0795891
0.0738064
0.0678278
0.0617719
0.0558653
0.0502504
0.0449893
0.0402291
0.0358696
0.0320236
0.0287299
0.0255491
0.0205466
0.0115348
-0.000183125
-0.0132372
-0.0270489
-0.0397182
-0.0486404
-0.0507469
-0.0448888
-0.0337329
-0.0194118
-0.00531999
0.00360728
0.0088574
0.00964554
0.00965367
0.00923968
0.0114083
0.0150991
0.0169162
0.0157821
0.0102851
0.00411251
-2.9878e-05
0.00327087
0.0105492
0.0139079
0.0143241
0.00596093
-0.0110781
-0.0332918
-0.0358939
-0.0473678
-0.0558074
-0.0735663
-0.0927215
-0.108493
-0.110802
-0.100191
-0.0837942
-0.0679655
-0.057267
-0.0499466
-0.0454443
-0.0415096
-0.0383243
-0.0335847
-0.0282875
-0.0234795
-0.019631
-0.0153006
-0.0151576
-0.0156082
-0.0191808
-0.0216482
-0.0204046
-0.0153014
-0.0110566
-0.0106745
-0.00208572
-0.0106514
-0.00882754
-0.0135682
-0.0208668
-0.014448
0.00381708
0.0207824
0.0339864
0.0387053
0.0386831
0.0360718
0.0331842
0.0324451
0.0316491
0.032048
0.0317132
0.0307259
0.0290694
0.0271803
0.0256114
0.0252555
0.0272289
0.0318109
0.0388321
0.0470639
0.0552841
0.0619963
0.0665071
0.0689988
0.071178
0.0720162
0.0735959
0.0758212
0.0782863
0.0808555
0.0835796
0.0862121
0.088742
0.0910298
0.0929803
0.0943869
0.0951606
0.0951328
0.0942297
0.092379
0.0895874
0.0859189
0.081495
0.0764689
0.0710215
0.0653931
0.0597019
0.0541646
0.0489041
0.0439804
0.0395242
0.0354486
0.0318755
0.0288038
0.0258249
0.021144
0.012619
0.00160404
-0.0105827
-0.0234621
-0.0352021
-0.0432861
-0.0451898
-0.0395587
-0.0293443
-0.0158309
-0.00361267
0.0041371
0.00845749
0.00943486
0.00958952
0.00972312
0.0127509
0.0148144
0.0144386
0.0114031
0.00633465
0.00380738
0.00521249
0.0102582
0.0138329
0.0109703
0.00403933
-0.0177538
-0.0397491
-0.0660641
-0.0653374
-0.0841447
-0.0944111
-0.122783
-0.152617
-0.176734
-0.182071
-0.166348
-0.141807
-0.116418
-0.0984921
-0.0853129
-0.0795669
-0.0752364
-0.0733631
-0.0729252
-0.0727981
-0.0724826
-0.0705645
-0.0675936
-0.0641893
-0.0605362
-0.05804
-0.0556718
-0.0498496
-0.0422328
-0.0295179
-0.0233939
-0.017108
-0.0239702
-0.0150773
-0.0107567
-0.0110352
-0.0145392
-0.00758616
0.00674643
0.0216417
0.0315471
0.0355019
0.0360278
0.0335944
0.032728
0.031989
0.0318685
0.0317772
0.0310412
0.029719
0.0281247
0.0268146
0.0265502
0.0285275
0.0329083
0.0396507
0.0474061
0.0550736
0.0612686
0.0654183
0.0676369
0.069535
0.0702817
0.0717381
0.0738006
0.0760936
0.0784653
0.0809773
0.0834089
0.085734
0.0878204
0.0895894
0.0908431
0.0915034
0.0914088
0.0904926
0.0886899
0.0860105
0.0825179
0.0783225
0.0735666
0.0684337
0.0631328
0.057784
0.0525901
0.0476575
0.0430465
0.0388729
0.035062
0.0317367
0.0288625
0.0260695
0.0216895
0.0136258
0.00326931
-0.00811688
-0.0201455
-0.0310214
-0.0384733
-0.0401177
-0.0348084
-0.0253572
-0.0128009
-0.00222837
0.00456067
0.00822119
0.00939064
0.00934914
0.0102084
0.0130099
0.0128469
0.0115551
0.00796553
0.0057527
0.00630928
0.00844395
0.0116667
0.00921895
-0.00159729
-0.0178844
-0.0410211
-0.0557745
-0.0639974
-0.0695595
-0.082623
-0.0960935
-0.115312
-0.137578
-0.152803
-0.151997
-0.133405
-0.110475
-0.0917452
-0.0797994
-0.0736332
-0.0727306
-0.0735388
-0.0758237
-0.0794419
-0.0831178
-0.0855764
-0.0851051
-0.0839161
-0.0783394
-0.0747387
-0.0698215
-0.0659568
-0.0620889
-0.0552478
-0.0456074
-0.0366994
-0.039512
-0.033706
-0.0262552
-0.0192638
-0.0123399
-0.0107678
-0.0100749
-0.00245612
0.00971877
0.0225604
0.0294234
0.0334475
0.0331934
0.0324563
0.0321021
0.0317933
0.0317125
0.0311959
0.0301509
0.0288408
0.0277906
0.0276541
0.0296514
0.0338355
0.0403278
0.0476568
0.0548103
0.0605387
0.0643531
0.0663327
0.0679786
0.0686503
0.0699978
0.0719085
0.0740418
0.0762324
0.0785458
0.0807894
0.0829268
0.0848291
0.0864293
0.0875401
0.0880946
0.0879388
0.08701
0.0852523
0.0826785
0.0793508
0.0753689
0.0708674
0.0660295
0.0610353
0.0560077
0.0511326
0.046504
0.0421835
0.0382724
0.0347069
0.0316048
0.028906
0.0262848
0.0221858
0.0145581
0.00482075
-0.0058344
-0.017076
-0.0271607
-0.0340586
-0.0354967
-0.0305698
-0.0217753
-0.0102454
-0.00109963
0.00488528
0.00809903
0.00914269
0.0090877
0.0105055
0.0119951
0.0104333
0.00903435
0.00614999
0.00683026
0.00761974
0.00843642
0.00706825
-0.00438586
-0.0189387
-0.0367642
-0.0493882
-0.0535631
-0.0493554
-0.0503735
-0.0565777
-0.0604497
-0.0648171
-0.0680283
-0.0644527
-0.0537046
-0.0417283
-0.0340895
-0.0322593
-0.0346193
-0.0389881
-0.0431016
-0.0455161
-0.0461786
-0.045892
-0.0434735
-0.0397802
-0.0337765
-0.0287595
-0.0247832
-0.0202215
-0.0220969
-0.0253202
-0.0327462
-0.0383942
-0.0407715
-0.0381656
-0.0375747
-0.0303925
-0.0278291
-0.0254319
-0.0203267
-0.0143346
-0.0110436
-0.00672744
0.000890038
0.0132866
0.0220841
0.0286539
0.031273
0.031569
0.0317155
0.0316027
0.0315593
0.0311855
0.0304005
0.0293542
0.0285572
0.028576
0.0306158
0.0346155
0.040877
0.0478224
0.0545029
0.0598103
0.0633152
0.0650862
0.0665106
0.0671212
0.0683716
0.070141
0.0721256
0.0741508
0.0762792
0.0783453
0.0803084
0.082041
0.0834851
0.0844622
0.0849169
0.0847044
0.0837648
0.0820506
0.0795763
0.0764035
0.0726225
0.0683625
0.0638017
0.0590944
0.0543677
0.0497885
0.0454417
0.0413905
0.0377216
0.034381
0.0314786
0.0289366
0.0264737
0.0226353
0.0154209
0.00626292
-0.00372612
-0.0142328
-0.0236079
-0.0299992
-0.0310444
-0.0266257
-0.0185501
-0.00810953
-0.000177008
0.00513439
0.00793796
0.0086876
0.00885962
0.0103238
0.0103461
0.00853007
0.00717471
0.00566137
0.00688359
0.00565749
0.00484261
-0.00420338
-0.018941
-0.0337762
-0.0447807
-0.0454406
-0.0432913
-0.0385139
-0.0396022
-0.0398088
-0.0369172
-0.0324881
-0.024815
-0.0147629
-0.00733998
-0.00544915
-0.00883879
-0.015956
-0.0239512
-0.031013
-0.03524
-0.0357531
-0.0335384
-0.0283551
-0.0202865
-0.00837754
0.000150717
0.0124974
0.0114727
0.0171525
0.0104504
-0.000189899
-0.0122944
-0.0271742
-0.0326608
-0.0365865
-0.0282605
-0.0335758
-0.0217703
-0.0184068
-0.0202437
-0.018852
-0.0147063
-0.00980506
-0.00448932
0.00516306
0.0147367
0.0226976
0.0276836
0.0297933
0.0307609
0.0311067
0.0312653
0.031063
0.0305034
0.0296864
0.0291301
0.0293268
0.0314226
0.0355676
0.0413251
0.0479102
0.0541585
0.0590866
0.062308
0.063898
0.0651331
0.0656937
0.066856
0.0684928
0.070337
0.0722096
0.0741656
0.0760633
0.0778616
0.0794357
0.0807348
0.0815885
0.0819492
0.081685
0.0807379
0.0790684
0.0766904
0.0736641
0.0700741
0.066045
0.0617441
0.0573052
0.0528596
0.0485547
0.0444685
0.0406655
0.0372181
0.0340819
0.0313581
0.0289572
0.026641
0.0230414
0.0162187
0.0075993
-0.00177944
-0.0116024
-0.0203474
-0.0262721
-0.027165
-0.0231832
-0.0156817
-0.00633866
0.000586245
0.0052914
0.00763638
0.00811673
0.00852333
0.00956751
0.00844735
0.00711498
0.00590017
0.00556529
0.00494254
0.000807553
-0.00301953
-0.0184346
-0.0299911
-0.0403344
-0.0429895
-0.040883
-0.0402102
-0.0424673
-0.0442934
-0.0429853
-0.0452767
-0.0493331
-0.0526541
-0.0564685
-0.0599557
-0.0652494
-0.0700719
-0.0738402
-0.076258
-0.0744354
-0.0702888
-0.0635645
-0.0573558
-0.0495621
-0.0420447
-0.0300188
-0.0262537
-0.0188332
-0.0228368
-0.0244728
-0.0315748
-0.0432151
-0.0500201
-0.0567595
-0.0547027
-0.0494258
-0.042557
-0.0484181
-0.029575
-0.0177124
-0.0182335
-0.0171685
-0.016923
-0.0128833
-0.00829231
-0.00096614
0.00805177
0.0164457
0.023019
0.0269376
0.0291242
0.0301942
0.0307355
0.0307779
0.0304742
0.0298663
0.0295248
0.0299136
0.0320582
0.0361416
0.041667
0.0479263
0.0537836
0.0583699
0.0613344
0.0627691
0.0638474
0.0643679
0.0654487
0.0669592
0.0686685
0.070398
0.0721933
0.0739314
0.0755729
0.0769971
0.0781611
0.0789022
0.0791756
0.0788647
0.0779142
0.0762917
0.0740075
0.07112
0.0677118
0.0639026
0.0598441
0.0556557
0.0514724
0.0474216
0.0435761
0.040001
0.0367552
0.0338045
0.0312407
0.0289682
0.0267896
0.0234107
0.0169554
0.00883472
1.76743e-05
-0.0091756
-0.0173563
-0.0228567
-0.0236757
-0.02009
-0.0131464
-0.00487559
0.00120529
0.00532385
0.00717928
0.0074964
0.00800084
0.00834328
0.00669189
0.00591472
0.00473256
0.00402478
0.000867737
-0.00576975
-0.014987
-0.0286816
-0.0361383
-0.0418028
-0.0413029
-0.0433018
-0.0501789
-0.0694821
-0.0663138
-0.0691086
-0.0814739
-0.101593
-0.129254
-0.161916
-0.189844
-0.210612
-0.219771
-0.215243
-0.203503
-0.183555
-0.161155
-0.141441
-0.127073
-0.116246
-0.11013
-0.107635
-0.109826
-0.113881
-0.121391
-0.128669
-0.133155
-0.13423
-0.128136
-0.115385
-0.101625
-0.0771037
-0.0878021
-0.0834919
-0.0577017
-0.0272999
-0.0238593
-0.0156512
-0.0161947
-0.0141511
-0.0109532
-0.00548703
0.00233301
0.010488
0.0179096
0.0232434
0.0267362
0.0287723
0.0298998
0.0302964
0.0302206
0.0298992
0.0297597
0.0303467
0.0325519
0.0365827
0.0419101
0.0478767
0.0533833
0.0576632
0.0603973
0.0617008
0.062654
0.0631432
0.0641478
0.0655377
0.0671168
0.0687109
0.0703563
0.071945
0.0734384
0.0747213
0.0757588
0.0763982
0.0765916
0.0762381
0.0752864
0.0737104
0.0715148
0.0687563
0.0655181
0.0619148
0.0580796
0.0541246
0.0501855
0.0463703
0.0427474
0.0393824
0.0363214
0.0335408
0.0311223
0.0289676
0.0269177
0.0237441
0.0176334
0.00997452
0.00167534
-0.00694291
-0.0146124
-0.0197369
-0.0205341
-0.0173034
-0.0109352
-0.00367151
0.00168013
0.00520725
0.00659944
0.00684976
0.00724053
0.0068631
0.00521211
0.00454672
0.00284111
0.000483108
-0.00514578
-0.0130226
-0.0252731
-0.0333961
-0.0389074
-0.0430686
-0.046201
-0.0571216
-0.0734121
-0.0948133
-0.0951374
-0.107746
-0.128651
-0.157549
-0.197892
-0.2461
-0.290675
-0.322542
-0.337597
-0.326336
-0.304463
-0.269852
-0.22974
-0.201182
-0.180238
-0.165843
-0.159132
-0.159424
-0.165131
-0.174124
-0.183982
-0.192527
-0.194741
-0.190372
-0.178034
-0.158553
-0.138852
-0.114849
-0.115864
-0.0989013
-0.0817736
-0.0529825
-0.035441
-0.0208146
-0.0172966
-0.0148172
-0.012433
-0.0085952
-0.00225752
0.00518991
0.0128081
0.0190702
0.0237223
0.0267964
0.0286892
0.0295916
0.0298594
0.0297951
0.0298524
0.0306359
0.032915
0.0369079
0.0420664
0.047769
0.0529628
0.0569685
0.0594995
0.0606945
0.0615522
0.0620171
0.0629513
0.0642273
0.0656815
0.0671482
0.068654
0.070104
0.07146
0.0726115
0.0735301
0.0740773
0.0741977
0.0738049
0.0728512
0.071317
0.0692015
0.0665598
0.0634766
0.060061
0.0564288
0.0526908
0.0489781
0.0453814
0.0419652
0.0387948
0.0359057
0.0332837
0.0309989
0.0289552
0.0270251
0.024041
0.0182555
0.0110253
0.00320175
-0.00489244
-0.012098
-0.0168963
-0.017703
-0.0148016
-0.00903267
-0.00268686
0.00200648
0.00493162
0.00595128
0.00613713
0.00623324
0.00530462
0.00372463
0.00251033
-0.00027526
-0.0045133
-0.0119351
-0.0206158
-0.0317517
-0.0365461
-0.0419404
-0.0472253
-0.0576587
-0.071925
-0.0833448
-0.0902664
-0.0992182
-0.116993
-0.132819
-0.153865
-0.18458
-0.222432
-0.261148
-0.290931
-0.305401
-0.3002
-0.27763
-0.244762
-0.209719
-0.18146
-0.160215
-0.14569
-0.138777
-0.138736
-0.143876
-0.152318
-0.160981
-0.167289
-0.167916
-0.162701
-0.152234
-0.138804
-0.12393
-0.106185
-0.10122
-0.0795614
-0.081553
-0.0719974
-0.0513447
-0.0331742
-0.0225954
-0.017233
-0.0140854
-0.0108717
-0.00581346
0.000695763
0.00802162
0.0147498
0.0202836
0.0243314
0.0270638
0.0286064
0.0293028
0.0295559
0.0298153
0.0307909
0.0331589
0.0371313
0.0421448
0.0476099
0.0525273
0.0562882
0.0586435
0.0597513
0.0605392
0.0609843
0.0618541
0.0630243
0.0643601
0.0657068
0.067082
0.0684027
0.0696314
0.0706625
0.0714691
0.0719316
0.0719858
0.0715575
0.0706014
0.0691032
0.0670596
0.0645239
0.0615813
0.0583348
0.0548866
0.0513501
0.0478454
0.0444502
0.0412253
0.0382355
0.0355068
0.0330335
0.0308725
0.0289331
0.027115
0.0243025
0.018825
0.0119939
0.00460511
-0.00301241
-0.00979852
-0.0143159
-0.0151535
-0.0125714
-0.00741221
-0.00189497
0.0021695
0.00451621
0.00523569
0.00531141
0.0050138
0.00365599
0.00187351
-0.000352008
-0.00442118
-0.0102321
-0.0186132
-0.0274142
-0.0360139
-0.0405566
-0.0475087
-0.0558783
-0.0670603
-0.0742791
-0.0722158
-0.0599029
-0.0751456
-0.0848452
-0.0894309
-0.0957651
-0.106252
-0.121037
-0.139414
-0.15579
-0.165163
-0.163381
-0.151331
-0.132989
-0.114097
-0.0987293
-0.0870743
-0.0798264
-0.0778084
-0.0804355
-0.0858661
-0.0930923
-0.0999545
-0.104805
-0.106012
-0.103323
-0.0978498
-0.0916551
-0.0847451
-0.0733207
-0.0617755
-0.0510403
-0.061181
-0.070214
-0.0612296
-0.0464335
-0.0318955
-0.0225675
-0.016968
-0.0132304
-0.00879159
-0.00310502
0.00370517
0.010533
0.0166289
0.0214998
0.0250545
0.027312
0.0285263
0.0291241
0.029652
0.0308199
0.0332904
0.0372638
0.0421538
0.0474066
0.0520818
0.0556254
0.0578314
0.0588718
0.0596106
0.0600367
0.0608474
0.0619197
0.0631428
0.0643753
0.0656265
0.0668239
0.0679327
0.0688537
0.0695549
0.0699383
0.0699338
0.0694767
0.0685217
0.0670578
0.0650833
0.0626492
0.0598379
0.0567459
0.0534675
0.0501183
0.0468022
0.0435912
0.0405415
0.037717
0.0351356
0.0327984
0.0307505
0.0289085
0.0271922
0.0245306
0.0193449
0.0128855
0.00589395
-0.00129148
-0.00770025
-0.011978
-0.0128624
-0.0105978
-0.00604648
-0.00128349
0.00216656
0.00398964
0.00445902
0.00433946
0.0035766
0.00179686
-0.000534028
-0.00392862
-0.00918485
-0.0160923
-0.0245937
-0.032874
-0.0399891
-0.0458251
-0.0540644
-0.0614759
-0.0654861
-0.0610596
-0.0475652
-0.0288974
-0.0405596
-0.041117
-0.0385685
-0.0351057
-0.0321913
-0.0312592
-0.0336163
-0.0376418
-0.0408941
-0.0411238
-0.0386244
-0.0338515
-0.0293574
-0.025531
-0.0227649
-0.0221506
-0.0241372
-0.0284938
-0.0341152
-0.0403051
-0.0459734
-0.0503699
-0.0529283
-0.0533549
-0.0521612
-0.0506075
-0.0486824
-0.0429322
-0.0321367
-0.0308872
-0.0427144
-0.0554547
-0.0593305
-0.0534923
-0.0412378
-0.030077
-0.021681
-0.0162791
-0.0116692
-0.00647869
-0.000179153
0.00655401
0.0129429
0.0184321
0.0227294
0.0257192
0.0275183
0.0285547
0.0293686
0.0307327
0.0333155
0.0373114
0.0421016
0.0471662
0.0516305
0.0549836
0.057065
0.058056
0.0587612
0.0591676
0.0599223
0.0609027
0.0620178
0.0631401
0.0642727
0.0653518
0.0663452
0.0671647
0.0677674
0.068077
0.0680206
0.0675424
0.0665951
0.0651678
0.063265
0.0609336
0.0582494
0.0553028
0.0521849
0.0490097
0.0458637
0.0428201
0.039929
0.0372537
0.034804
0.0325876
0.0306398
0.0288857
0.0272596
0.0247295
0.0198184
0.013706
0.007076
0.000281469
-0.00579149
-0.00986489
-0.0108099
-0.00886917
-0.00491002
-0.000843895
0.00201183
0.0033773
0.00360556
0.0031786
0.00190682
-0.000377031
-0.00350502
-0.00801878
-0.0141559
-0.0216113
-0.0298062
-0.0375457
-0.0443437
-0.0508354
-0.0567122
-0.058485
-0.0534443
-0.0413575
-0.0264919
-0.0137144
-0.0175163
-0.0151912
-0.0105857
-0.00470329
0.00162653
0.00740523
0.0115607
0.0139053
0.0152052
0.0152994
0.0148677
0.0139977
0.011593
0.0105265
0.00867737
0.00589601
0.00239322
-0.00216014
-0.00722705
-0.0123082
-0.0169438
-0.0207649
-0.023686
-0.0255973
-0.0264441
-0.0268262
-0.0268079
-0.0247851
-0.019711
-0.0184403
-0.0274974
-0.0396436
-0.0487901
-0.0517816
-0.0464038
-0.0370617
-0.0275854
-0.0203711
-0.0148577
-0.00966318
-0.00374837
0.00281842
0.00934413
0.0152594
0.0201697
0.0238596
0.0262795
0.0278006
0.0289616
0.0305386
0.0332417
0.0372927
0.0419941
0.0468948
0.0511779
0.0543667
0.0563459
0.0573034
0.0579852
0.0583744
0.0590756
0.0599694
0.0609822
0.0619999
0.0630216
0.0639901
0.0648733
0.065599
0.0661114
0.0663512
0.0662467
0.0657503
0.0648135
0.0634231
0.061591
0.0593607
0.0567983
0.0539894
0.0510242
0.0480103
0.0450186
0.0421285
0.0393821
0.0368416
0.0345089
0.0323987
0.030539
0.0288622
0.0273144
0.0249025
0.0202493
0.0144594
0.00815938
0.00171643
-0.00406041
-0.00795951
-0.00898047
-0.0073716
-0.00398189
-0.000567219
0.00172833
0.00268575
0.00263713
0.00181068
-8.51379e-06
-0.00293161
-0.00693959
-0.0123129
-0.0189662
-0.0265968
-0.0344592
-0.041837
-0.0478978
-0.0522087
-0.0530411
-0.0480102
-0.037608
-0.0249995
-0.014179
-0.00795264
-0.00772969
-0.0049353
-0.000687731
0.00438663
0.0098728
0.0153763
0.0202273
0.0240745
0.0267115
0.027659
0.0280838
0.0254905
0.0210336
0.0191444
0.0164229
0.0130093
0.00963616
0.005994
0.00220755
-0.00147798
-0.0048522
-0.00774798
-0.0101166
-0.0121336
-0.013566
-0.0144909
-0.0150521
-0.0146388
-0.0131008
-0.011818
-0.0172405
-0.0263508
-0.0363839
-0.0437557
-0.0453722
-0.0408456
-0.0329608
-0.0250351
-0.0185154
-0.0128913
-0.00711361
-0.000723232
0.00586273
0.0120785
0.0174694
0.0217791
0.0248254
0.0268636
0.0283872
0.03024
0.0330756
0.0371587
0.0418346
0.0465981
0.0507274
0.0537789
0.0556757
0.0566136
0.0572811
0.0576585
0.0583101
0.0591246
0.0600446
0.0609676
0.06189
0.0627601
0.0635415
0.0641803
0.0646101
0.0647829
0.064629
0.0641088
0.0631763
0.0618152
0.0600441
0.0579037
0.0554515
0.0527694
0.049947
0.0470806
0.0442314
0.0414843
0.0388724
0.0364565
0.0342308
0.0322174
0.0304381
0.0288306
0.0273527
0.0250516
0.0206411
0.0151507
0.00915172
0.00302167
-0.00249427
-0.00624694
-0.00736277
-0.006088
-0.00324346
-0.000443105
0.00132865
0.00190459
0.00152802
0.000229381
-0.00220579
-0.00583863
-0.0105936
-0.0165305
-0.0234916
-0.0312028
-0.038721
-0.0447173
-0.0483998
-0.0486413
-0.0440588
-0.0351449
-0.0243333
-0.0146959
-0.0082274
-0.00495271
-0.00373028
-0.00130788
0.00191267
0.00552161
0.00935086
0.013287
0.016994
0.0202876
0.0226798
0.024231
0.0253544
0.0225518
0.0181389
0.0163645
0.0144054
0.0119593
0.0094377
0.00689381
0.00441297
0.00196828
-0.000292902
-0.00235458
-0.00406455
-0.00567048
-0.00710753
-0.00815153
-0.00882883
-0.009108
-0.00925864
-0.00820602
-0.0111439
-0.0170414
-0.0253206
-0.0338488
-0.0394242
-0.0402639
-0.0360651
-0.0292064
-0.0223761
-0.0162354
-0.0103751
-0.00410826
0.00248733
0.00892869
0.0147056
0.0195366
0.0231799
0.0257589
0.0277029
0.0298387
0.0328316
0.03696
0.041628
0.0462818
0.0502839
0.0532235
0.0550561
0.0559869
0.0566492
0.0570189
0.0576259
0.0583703
0.0592085
0.060048
0.0608828
0.0616665
0.0623557
0.0629126
0.0632655
0.0633725
0.0631667
0.0626136
0.0616748
0.0603325
0.0586093
0.0565435
0.0541877
0.0516206
0.0489285
0.046196
0.04348
0.0408671
0.038381
0.0360807
0.0339557
0.0320345
0.0303315
0.028789
0.0273769
0.0251788
0.0209977
0.0157845
0.0100592
0.00420633
-0.00108078
-0.00471601
-0.00594409
-0.00499917
-0.00267951
-0.000462579
0.000824045
0.00102418
0.000259067
-0.00158258
-0.00466776
-0.00894249
-0.0142465
-0.0205828
-0.0277819
-0.0351645
-0.0413146
-0.0449739
-0.0451158
-0.0411033
-0.0334019
-0.0240035
-0.0152515
-0.00899182
-0.00538498
-0.00354981
-0.00227461
-0.000368434
0.00193931
0.00434217
0.00683765
0.00938652
0.011875
0.0141593
0.0159581
0.0174295
0.0184311
0.0169439
0.0129828
0.0120255
0.0109058
0.00944501
0.00794873
0.00631279
0.00472388
0.0031178
0.00157455
8.56619e-05
-0.00121984
-0.00242437
-0.00366987
-0.00471982
-0.00539661
-0.00580703
-0.00654102
-0.00591071
-0.00767563
-0.0111466
-0.0169895
-0.0245766
-0.0316122
-0.0356992
-0.036039
-0.031783
-0.0257861
-0.0195447
-0.0135464
-0.00735014
-0.000786432
0.00581765
0.011923
0.0171938
0.0213728
0.0244948
0.0268847
0.0293312
0.0325094
0.0367041
0.0413802
0.0459513
0.0498512
0.0527046
0.054489
0.0554231
0.0560874
0.056447
0.0570118
0.0576923
0.0584553
0.059217
0.0599696
0.0606724
0.0612763
0.0617533
0.0620329
0.062076
0.0618206
0.0612325
0.0602839
0.0589588
0.057279
0.0552809
0.0530156
0.0505568
0.047985
0.0453748
0.0427844
0.0402947
0.0379236
0.0357275
0.0336958
0.0318602
0.0302275
0.0287465
0.0273969
0.0252893
0.0213228
0.0163657
0.0108885
0.00527864
0.000190777
-0.00335526
-0.00471097
-0.00408912
-0.00227876
-0.000610462
0.000221237
2.86122e-05
-0.00118472
-0.00360811
-0.00729938
-0.0120908
-0.0178206
-0.0244752
-0.0315333
-0.0377709
-0.0417182
-0.0422065
-0.0388295
-0.0322064
-0.0238955
-0.0158924
-0.0097923
-0.00609938
-0.00405727
-0.00292702
-0.00191337
-0.000491389
0.00110868
0.00266336
0.00425701
0.00585448
0.00741615
0.00882641
0.00999467
0.0109192
0.0115043
0.0111192
0.0100205
0.00934758
0.00873697
0.00772558
0.00684367
0.00578289
0.00463643
0.00349602
0.00234299
0.00121578
0.000150453
-0.000790734
-0.00177798
-0.0027129
-0.00336172
-0.0037124
-0.00442555
-0.00433856
-0.00560498
-0.00768496
-0.0113557
-0.0171553
-0.0239639
-0.0296033
-0.0322762
-0.0317598
-0.0279216
-0.0224292
-0.0165366
-0.0104235
-0.00393652
0.00275605
0.00913556
0.0147956
0.0194466
0.0230873
0.0259409
0.0287204
0.0321122
0.0363965
0.0410962
0.0456132
0.0494349
0.0522246
0.053975
0.0549225
0.0555901
0.0559348
0.0564548
0.0570717
0.0577585
0.0584407
0.0591109
0.0597323
0.0602548
0.0606532
0.0608629
0.0608456
0.0605481
0.0599322
0.0589797
0.0576798
0.0560482
0.0541212
0.051949
0.0495977
0.0471405
0.0446449
0.0421733
0.0397943
0.0375262
0.0354212
0.0334727
0.0317117
0.0301386
0.0287135
0.02742
0.0253929
0.0216211
0.0168991
0.0116452
0.00624769
0.00133056
-0.00215536
-0.00364945
-0.00334491
-0.00202863
-0.0008726
-0.00048247
-0.00109321
-0.00279424
-0.00578834
-0.00999601
-0.0152107
-0.0212938
-0.0279464
-0.0341744
-0.0385167
-0.0396414
-0.0370741
-0.0314013
-0.0240218
-0.0166221
-0.010709
-0.00685885
-0.00470061
-0.00343243
-0.00266891
-0.0019362
-0.00091814
0.000156679
0.00115344
0.00215987
0.00314279
0.00407221
0.00488671
0.00555187
0.00601349
0.0062616
0.00636764
0.00642414
0.00640382
0.00666888
0.00626258
0.00563369
0.00491793
0.00406509
0.00321169
0.00234062
0.00147311
0.00062997
-0.000130123
-0.000878221
-0.00162871
-0.00222016
-0.00253368
-0.00305983
-0.0032176
-0.00423619
-0.00563611
-0.00787316
-0.011804
-0.0174389
-0.0234735
-0.0280261
-0.029854
-0.0283869
-0.0244439
-0.0191514
-0.0132658
-0.00692618
-0.000229501
0.00635666
0.012364
0.0174388
0.0215599
0.0248827
0.0280163
0.0316483
0.036041
0.0407814
0.0452729
0.04904
0.0517862
0.0535166
0.0544842
0.0551538
0.0554874
0.0559582
0.0565096
0.0571198
0.0577223
0.058312
0.0588527
0.0592989
0.0596219
0.0597661
0.0596912
0.0593561
0.0587185
0.0577651
0.056492
0.0549082
0.053051
0.0509689
0.0487198
0.0463701
0.0439827
0.041623
0.0393436
0.0371701
0.035148
0.0332763
0.0315797
0.030058
0.0286836
0.0274399
0.0254956
0.0218981
0.0173904
0.0123359
0.00712154
0.00234759
-0.00110622
-0.00274608
-0.00275565
-0.00191592
-0.00123981
-0.0012877
-0.00233726
-0.00454023
-0.00805453
-0.0126942
-0.0182628
-0.0244622
-0.030568
-0.0352913
-0.0371972
-0.0355826
-0.0308649
-0.0243032
-0.0174156
-0.0116379
-0.00766458
-0.00526808
-0.00388301
-0.00297932
-0.00243584
-0.00192163
-0.00122828
-0.000530844
0.000104583
0.000737966
0.00133198
0.00188401
0.00235368
0.00270009
0.00293325
0.00295056
0.00298711
0.00313481
0.00287291
0.00382506
0.00423737
0.00385298
0.00345454
0.0029244
0.00234017
0.0017481
0.00112225
0.000510585
-6.47141e-05
-0.000608252
-0.00114496
-0.00161646
-0.00190063
-0.00226964
-0.00247341
-0.00327874
-0.00435032
-0.00581818
-0.00830616
-0.0124397
-0.0177921
-0.0230381
-0.0265919
-0.0274022
-0.0253008
-0.0211494
-0.0157821
-0.00970056
-0.00309775
0.0036096
0.0099132
0.0153737
0.0199361
0.0237217
0.0272262
0.0311183
0.0356426
0.0404429
0.0449356
0.0486712
0.0513927
0.0531156
0.0541086
0.0547801
0.0551163
0.055539
0.0560295
0.0565709
0.057101
0.0576181
0.058084
0.0584609
0.0587127
0.0587956
0.0586635
0.0582864
0.0576235
0.0566608
0.0554009
0.053849
0.0520454
0.0500353
0.0478712
0.0456149
0.0433258
0.0410678
0.0388797
0.0367975
0.0348561
0.0330608
0.0314271
0.029959
0.028636
0.0274415
0.0255944
0.0221585
0.0178457
0.0129668
0.00790788
0.00325035
-0.00019751
-0.00199006
-0.00231063
-0.00192574
-0.00170531
-0.00219252
-0.00368869
-0.00637608
-0.0103463
-0.0153598
-0.0211327
-0.027044
-0.0320582
-0.034758
-0.0341994
-0.030511
-0.0247471
-0.0183442
-0.0126728
-0.00855841
-0.00594534
-0.00433398
-0.00331663
-0.00261496
-0.00219758
-0.00183476
-0.00136918
-0.000897428
-0.000471503
-6.18992e-05
0.00031296
0.000677139
0.000969756
0.00117123
0.00132721
0.00130197
0.00127488
0.00110086
0.0012048
0.00176992
0.00238473
0.00217855
0.0020064
0.00171657
0.00135825
0.000988947
0.000577772
0.000158524
-0.000247223
-0.00063359
-0.000998699
-0.00134133
-0.00159585
-0.00187067
-0.00192433
-0.00252282
-0.00339226
-0.00448452
-0.00610358
-0.00888924
-0.0131175
-0.0181419
-0.0225923
-0.0251103
-0.0250231
-0.0223042
-0.017823
-0.0121953
-0.00581003
0.000917393
0.00746137
0.0132763
0.0182386
0.0224687
0.0263555
0.0305246
0.035208
0.0400864
0.0446061
0.0483347
0.0510464
0.0527739
0.0537971
0.054473
0.0548186
0.0552001
0.0556377
0.0561188
0.0565838
0.0570353
0.0574305
0.0577426
0.0579262
0.0579498
0.0577628
0.0573392
0.0566465
0.0556681
0.0544094
0.0528701
0.0511038
0.0491453
0.0470467
0.0448664
0.0426621
0.0404909
0.0383849
0.0363893
0.0345246
0.0328048
0.0312354
0.0298279
0.0285616
0.0274215
0.025683
0.0224063
0.0182701
0.0135452
0.0086158
0.00404551
0.000580045
-0.00136832
-0.0019989
-0.00204662
-0.00226192
-0.00318387
-0.00511936
-0.00826802
-0.0126384
-0.0179113
-0.0235901
-0.0287748
-0.0322112
-0.0327456
-0.0301486
-0.025236
-0.0193096
-0.013739
-0.00944588
-0.00658115
-0.00475781
-0.00355908
-0.00276286
-0.00220109
-0.00186612
-0.0016238
-0.00132188
-0.00100678
-0.000726093
-0.000458202
-0.000194702
7.14179e-05
0.000285368
0.000452173
0.000602128
0.000657332
0.000703002
0.000592275
0.00077759
0.000762116
0.00108144
0.000999074
0.000933126
0.000761
0.000551481
0.00032143
6.31713e-05
-0.000214218
-0.0004862
-0.000747458
-0.000981781
-0.00118851
-0.00137711
-0.00159673
-0.00173446
-0.00205895
-0.00270789
-0.00358012
-0.00474144
-0.00660743
-0.00968217
-0.0139367
-0.0185143
-0.0220994
-0.0235582
-0.0225764
-0.0192859
-0.0143302
-0.00829948
-0.00167973
0.00500964
0.0111485
0.0164844
0.0211374
0.0254133
0.0298744
0.0347395
0.03972
0.0442914
0.0480339
0.0507505
0.0524949
0.0535488
0.0542288
0.0545746
0.0549173
0.0553028
0.0557222
0.0561208
0.0565055
0.0568297
0.0570771
0.0571963
0.0571635
0.0569302
0.0564673
0.0557516
0.0547648
0.0535087
0.0519877
0.0502534
0.0483387
0.0462954
0.044179
0.0420452
0.0399444
0.0379098
0.0359889
0.0341898
0.032538
0.0310291
0.0296819
0.0284738
0.0273916
0.0257652
0.0226459
0.0186715
0.0140778
0.00925201
0.00474028
0.00123664
-0.000871874
-0.00180873
-0.00226653
-0.00289958
-0.00424835
-0.00661173
-0.0101811
-0.0148797
-0.0202398
-0.0254853
-0.0295166
-0.0311435
-0.0297428
-0.0257786
-0.0204068
-0.014974
-0.0105074
-0.00736189
-0.005303
-0.00393107
-0.00297442
-0.00232497
-0.00185672
-0.00158133
-0.00141201
-0.00119911
-0.000975187
-0.000786493
-0.000610397
-0.000412904
-0.000225267
-6.54025e-05
7.05813e-05
0.000192051
0.00030417
0.000348446
0.00036968
0.000532751
0.000217868
0.000111886
0.000146768
0.000154126
6.41558e-05
-3.33686e-05
-0.000161588
-0.00030837
-0.000475949
-0.000656064
-0.000828406
-0.000987962
-0.00112179
-0.00126931
-0.00149853
-0.00141346
-0.00166881
-0.00213716
-0.00282681
-0.00372303
-0.00501444
-0.0071502
-0.0104877
-0.0146888
-0.0187737
-0.0214775
-0.0219886
-0.0200537
-0.0160287
-0.0105366
-0.00414489
0.00259473
0.00901595
0.0147042
0.0197498
0.0244127
0.0291762
0.0342443
0.0393495
0.0439972
0.0477732
0.0505086
0.0522785
0.0533617
0.0540384
0.0543745
0.0546749
0.0550063
0.0553616
0.0556937
0.0560128
0.0562704
0.0564559
0.0565201
0.0564368
0.0561666
0.0556754
0.054944
0.0539551
0.0527089
0.0512007
0.0494976
0.0476192
0.0456206
0.0435551
0.0414762
0.0394305
0.0374569
0.0355964
0.0338548
0.0322644
0.0308142
0.0295255
0.0283764
0.0273533
0.0258488
0.022884
0.0190567
0.0145738
0.00982312
0.00534043
0.0017794
-0.000495063
-0.00172839
-0.00256528
-0.00360032
-0.00535947
-0.00813654
-0.0120931
-0.0169733
-0.0221184
-0.0266276
-0.0292559
-0.029097
-0.0261816
-0.0214533
-0.0162063
-0.0115643
-0.008119
-0.00578419
-0.00422308
-0.00312977
-0.00236145
-0.00185179
-0.00147551
-0.00125218
-0.00114645
-0.00101717
-0.000884254
-0.000774416
-0.000658066
-0.000515625
-0.000392942
-0.000281234
-0.000185161
-0.000114237
-2.15128e-05
-3.28108e-05
1.7468e-05
3.3852e-05
-0.000314577
-0.000514562
-0.000360494
-0.000324266
-0.000358689
-0.000386469
-0.000453289
-0.000533927
-0.000629665
-0.000741819
-0.000851292
-0.000945399
-0.00099976
-0.00105289
-0.00122213
-0.00117445
-0.00137092
-0.00171943
-0.00226742
-0.00301752
-0.0040064
-0.00552062
-0.0080105
-0.0115532
-0.0155769
-0.0190216
-0.0207911
-0.0203265
-0.0173182
-0.0124464
-0.00638295
0.000274593
0.00686746
0.0128776
0.0182934
0.023339
0.0284223
0.0337108
0.0389692
0.0437207
0.0475573
0.050324
0.052127
0.0532344
0.0538974
0.0542297
0.0544919
0.0547797
0.055083
0.0553635
0.055629
0.0558362
0.0559693
0.0559903
0.0558632
0.0555575
0.0550373
0.0542811
0.0532744
0.0520147
0.0505112
0.0488075
0.0469383
0.0449569
0.0429169
0.0408699
0.0388624
0.0369378
0.0351259
0.033443
0.0319168
0.0305359
0.0293175
0.0282417
0.0272902
0.0259375
0.0231314
0.0194355
0.0150426
0.0103397
0.00585576
0.00221649
-0.00023685
-0.00176358
-0.00295693
-0.00436146
-0.0065065
-0.00967656
-0.0139548
-0.0189317
-0.0237172
-0.0271875
-0.0282407
-0.02651
-0.0225654
-0.0176304
-0.0128901
-0.00912302
-0.00648014
-0.00468446
-0.00343326
-0.00253721
-0.0019229
-0.0015074
-0.00117634
-0.000985603
-0.000910949
-0.000825636
-0.000738999
-0.000669462
-0.000593386
-0.000501932
-0.000422756
-0.000353768
-0.000290414
-0.00025181
-0.000187502
-0.00020557
-0.000153894
-0.000190173
-0.000439101
-0.00057968
-0.000470143
-0.000451572
-0.000475336
-0.0004818
-0.000521892
-0.000562661
-0.000620643
-0.000688741
-0.000755381
-0.000817682
-0.000846523
-0.000864756
-0.00100475
-0.000927235
-0.00108737
-0.00134074
-0.00173777
-0.00232768
-0.00311065
-0.0042058
-0.00599154
-0.00880051
-0.0124522
-0.0161859
-0.0188511
-0.0194517
-0.0179215
-0.0140603
-0.00853976
-0.00208896
0.0046327
0.0109836
0.016806
0.0222431
0.0276536
0.0331909
0.0386308
0.0435078
0.0474084
0.0502056
0.0520396
0.0531603
0.0538138
0.0541408
0.0543738
0.0546313
0.0548941
0.0551384
0.0553602
0.0555306
0.0556217
0.0556072
0.0554441
0.0551037
0.054552
0.0537636
0.0527263
0.0514388
0.0499117
0.048186
0.046301
0.0443096
0.0422681
0.0402291
0.0382399
0.0363455
0.0345701
0.0329428
0.031478
0.0301748
0.0290401
0.0280582
0.0272011
0.0260248
0.0233957
0.0198199
0.0154907
0.0108083
0.00631551
0.00259341
-4.0489e-05
-0.0018493
-0.00339112
-0.00521047
-0.00776941
-0.0112874
-0.015721
-0.0204144
-0.0244362
-0.0267529
-0.0263939
-0.0234603
-0.0189871
-0.0142208
-0.0101333
-0.00713267
-0.00508021
-0.00365258
-0.00263108
-0.00192747
-0.00145667
-0.00111918
-0.000860841
-0.000716326
-0.000697782
-0.000661297
-0.000609689
-0.000569483
-0.000517803
-0.000447436
-0.000383027
-0.000328802
-0.00026871
-0.000226313
-0.000164687
-0.000149515
-7.94969e-05
-0.000111733
-0.000260299
-0.000348427
-0.000323415
-0.00034702
-0.000393695
-0.000417308
-0.000467164
-0.000507341
-0.000557693
-0.000615507
-0.000665324
-0.000707747
-0.000716707
-0.000692974
-0.000769619
-0.000747323
-0.000879733
-0.0010834
-0.00138369
-0.00185455
-0.0025073
-0.00339049
-0.004742
-0.00692974
-0.0100976
-0.013832
-0.0172097
-0.0190383
-0.0184798
-0.0153792
-0.010307
-0.00399115
0.00278306
0.00932037
0.0153973
0.0211296
0.0268269
0.032608
0.0382458
0.0432679
0.0472622
0.0501184
0.052002
0.0531439
0.0537843
0.0540788
0.054274
0.054495
0.05471
0.0549166
0.0550937
0.0552292
0.0552871
0.0552432
0.0550574
0.0546957
0.0541266
0.0533221
0.0522695
0.0509661
0.0494237
0.0476813
0.0457812
0.0437755
0.0417228
0.0396787
0.0376927
0.0358092
0.0340565
0.0324675
0.0310484
0.0298123
0.0287527
0.0278677
0.0271171
0.0261256
0.023679
0.0201982
0.0158976
0.0111853
0.00662643
0.00279573
-1.07588e-05
-0.00204009
-0.00381611
-0.00590341
-0.0087671
-0.0126243
-0.0173254
-0.0219262
-0.0254469
-0.0263943
-0.0245352
-0.0206115
-0.0159003
-0.0115183
-0.00810808
-0.00570218
-0.00403631
-0.00286234
-0.00204464
-0.00149222
-0.00111812
-0.000851838
-0.000651949
-0.000536722
-0.000519502
-0.000481917
-0.000445626
-0.000425617
-0.000393318
-0.000344178
-0.000301041
-0.000259567
-0.000209583
-0.000161222
-0.000106526
-6.90413e-05
2.85865e-05
1.37181e-05
-7.66202e-05
-0.000130027
-0.000180111
-0.000223824
-0.000278329
-0.000315549
-0.000359232
-0.000393466
-0.000430241
-0.000471804
-0.000501353
-0.000527385
-0.000537094
-0.000531989
-0.000610637
-0.000620919
-0.000706341
-0.000828615
-0.00101868
-0.00133585
-0.00184261
-0.00249945
-0.00344835
-0.00502708
-0.00754459
-0.0108687
-0.014361
-0.0170062
-0.0177835
-0.0162627
-0.0122447
-0.00654428
0.00012797
0.0069546
0.0134961
0.0197222
0.025871
0.032052
0.0379683
0.0431992
0.0473059
0.050196
0.052079
0.0531928
0.0537909
0.0540328
0.0541786
0.054356
0.0545256
0.0546975
0.0548424
0.0549512
0.0549909
0.0549304
0.0547356
0.054367
0.0537921
0.052982
0.0519209
0.0506046
0.0490475
0.0472843
0.0453611
0.0433318
0.0412566
0.0391949
0.0372002
0.0353164
0.0335801
0.0320182
0.0306413
0.029466
0.0284783
0.0276885
0.0270504
0.0262561
0.024037
0.020697
0.0164457
0.0116952
0.00702425
0.00302836
-1.6208e-05
-0.00234662
-0.00451958
-0.00705524
-0.0103588
-0.0144661
-0.0188724
-0.0226967
-0.0247522
-0.0242582
-0.0214231
-0.0171889
-0.0127366
-0.00894954
-0.00619401
-0.00431753
-0.00302728
-0.00210569
-0.00146542
-0.00106962
-0.000815009
-0.000647786
-0.000511281
-0.000434198
-0.000432613
-0.000394841
-0.000352932
-0.00033533
-0.000307964
-0.000264097
-0.000228754
-0.000192209
-0.000150277
-0.000107686
-6.79596e-05
-2.5478e-05
5.31761e-05
3.67587e-05
-2.69625e-05
-4.70148e-05
-0.000102661
-0.000147692
-0.000189802
-0.000228482
-0.000270421
-0.000302148
-0.000334596
-0.000380473
-0.000413927
-0.000441988
-0.000467183
-0.000473821
-0.000525176
-0.000517046
-0.000616428
-0.000736736
-0.000855791
-0.00107898
-0.00147338
-0.00207714
-0.00289165
-0.00412252
-0.00619429
-0.00935603
-0.013161
-0.0165802
-0.0181557
-0.0170485
-0.0133841
-0.00770108
-0.000956062
0.00597212
0.0126476
0.0190342
0.0253251
0.0316101
0.0376588
0.0430242
0.0472221
0.0501739
0.0520995
0.053226
0.0538281
0.0540232
0.0541366
0.054291
0.0544508
0.0546141
0.0547594
0.0548663
0.0549087
0.0548492
0.0546524
0.0542772
0.0536859
0.0528491
0.0517481
0.0503812
0.0487653
0.0469363
0.0449452
0.0428526
0.0407226
0.0386193
0.0366
0.0347108
0.0329909
0.0314631
0.0301445
0.0290436
0.028154
0.0274804
0.0269858
0.0263856
0.0242937
0.0209646
0.0166672
0.0118499
0.00711642
0.00304501
-8.05954e-05
-0.00250462
-0.00477819
-0.0074586
-0.0109393
-0.0152731
-0.0199589
-0.0237826
-0.0253545
-0.023936
-0.0201155
-0.0152808
-0.0108014
-0.00740709
-0.00507614
-0.00348145
-0.00233219
-0.00154249
-0.00108253
-0.000825158
-0.000655968
-0.000509225
-0.000381023
-0.000289342
-0.000267216
-0.000226225
-0.00021373
-0.000224798
-0.000202086
-0.000171502
-0.000148937
-0.000125963
-0.000103441
-7.87946e-05
-6.90438e-05
-4.07939e-05
-9.98291e-06
-3.67567e-05
-7.79071e-05
-7.1883e-05
-8.72032e-05
-0.000118514
-0.000127575
-0.000147778
-0.000171595
-0.000192454
-0.000209365
-0.000236076
-0.000262095
-0.00026379
-0.000267436
-0.000280518
-0.000369544
-0.00046038
-0.000510579
-0.00058804
-0.00067012
-0.000772343
-0.000974636
-0.00133279
-0.00186065
-0.00263934
-0.00392357
-0.00612289
-0.0093312
-0.0131018
-0.0162611
-0.0173684
-0.0155497
-0.0110752
-0.00467325
0.00256815
0.00985248
0.0168956
0.0238148
0.0307151
0.0373278
0.0431052
0.0475261
0.050535
0.0524076
0.0534427
0.0539351
0.0540364
0.0541256
0.0542665
0.0544331
0.0546045
0.0547647
0.0548863
0.0549433
0.0548976
0.054708
0.0543318
0.0537271
0.0528614
0.0517146
0.050287
0.0485954
0.0466842
0.0446074
0.0424332
0.0402322
0.0380738
0.036019
0.0341176
0.0324075
0.0309126
0.0296499
0.0286219
0.0278324
0.0272811
0.0269582
0.0267072
0.0249826
0.0218653
0.0175465
0.0124898
0.00741743
0.00301835
-0.00038189
-0.00308611
-0.00574513
-0.00895741
-0.0130212
-0.0176516
-0.0217993
-0.0240902
-0.0234727
-0.0201533
-0.0155069
-0.0109459
-0.00735978
-0.00487539
-0.00325818
-0.00214764
-0.00140978
-0.000985435
-0.000752458
-0.000613856
-0.000481206
-0.000388004
-0.000319949
-0.000268138
-0.000197306
-0.000125532
-0.0001093
-0.000103727
-7.63803e-05
-6.41924e-05
-5.77329e-05
-4.95696e-05
-4.94542e-05
-3.28324e-05
-3.77304e-05
-2.08795e-05
1.08559e-05
-7.63503e-06
-2.87607e-05
-1.92472e-05
-3.7891e-05
-5.67855e-05
-5.07286e-05
-6.46889e-05
-6.51546e-05
-7.4916e-05
-8.32102e-05
-9.63386e-05
-0.000129137
-0.000153843
-0.000188887
-0.000259298
-0.000371609
)
;

boundaryField
{
    back
    {
        type            slip;
    }
    cylinder
    {
        type            zeroGradient;
    }
    front
    {
        type            slip;
    }
    inflow
    {
        type            zeroGradient;
    }
    outflow
    {
        type            fixedValue;
        value           uniform 0;
    }
    wall
    {
        type            zeroGradient;
    }
}


// ************************************************************************* //
