/*--------------------------------*- C++ -*----------------------------------*\
| =========                 |                                                 |
| \\      /  F ield         | OpenFOAM: The Open Source CFD Toolbox           |
|  \\    /   O peration     | Version:  3.0.1                                 |
|   \\  /    A nd           | Web:      www.OpenFOAM.org                      |
|    \\/     M anipulation  |                                                 |
\*---------------------------------------------------------------------------*/
FoamFile
{
    version     2.0;
    format      ascii;
    class       volScalarField;
    location    "101.888300098935147";
    object      p;
}
// * * * * * * * * * * * * * * * * * * * * * * * * * * * * * * * * * * * * * //

dimensions      [0 2 -2 0 0 0 0];

internalField   nonuniform List<scalar> 
8400
(
-0.436913
-0.452068
-0.466563
-0.476992
-0.482023
-0.482523
-0.480179
-0.476792
-0.473832
-0.472612
-0.474092
-0.478673
-0.486121
-0.495958
-0.507499
-0.519697
-0.530929
-0.539204
-0.542718
-0.539945
-0.529515
-0.510991
-0.484263
-0.449402
-0.406599
-0.356304
-0.299544
-0.238266
-0.175484
-0.114585
-0.0567711
0.000437926
0.0623509
0.12383
0.186771
0.247108
0.306068
0.360221
0.410202
0.453278
0.48954
0.51711
0.535693
0.54441
0.542865
0.530851
0.508389
0.475952
0.433418
0.382412
0.322334
0.256214
0.18268
0.105925
0.0238432
-0.0585125
-0.143787
-0.226372
-0.309367
-0.386166
-0.463285
-0.545635
-0.632325
-0.718879
-0.801194
-0.876537
-0.943227
-1.00039
-1.04755
-1.08431
-1.11028
-1.12524
-1.12921
-1.12271
-1.10756
-1.08519
-1.0574
-1.02631
-0.994015
-0.962091
-0.932541
-0.90595
-0.882573
-0.862365
-0.845029
-0.830133
-0.8173
-0.806333
-0.797303
-0.790501
-0.785938
-0.782832
-0.781154
-0.781405
-0.784138
-0.789734
-0.798254
-0.809814
-0.824886
-0.843858
-0.866364
-0.891136
-0.916217
-0.939024
-0.956485
-0.965747
-0.964686
-0.951345
-0.923499
-0.880424
-0.825468
-0.76294
-0.696975
-0.630892
-0.568435
-0.513675
-0.470477
-0.441666
-0.428049
-0.427817
-0.469388
-0.477509
-0.487596
-0.495871
-0.498271
-0.496063
-0.489607
-0.480973
-0.472662
-0.46673
-0.464284
-0.465663
-0.470775
-0.47916
-0.490374
-0.503729
-0.51768
-0.529758
-0.537244
-0.538049
-0.530892
-0.514713
-0.488941
-0.453453
-0.408486
-0.354688
-0.293475
-0.227563
-0.160918
-0.0968972
-0.0377385
0.0175917
0.0763336
0.134589
0.194436
0.252228
0.308903
0.361329
0.409797
0.451835
0.487279
0.514386
0.532692
0.541356
0.539927
0.528191
0.506208
0.474392
0.432817
0.382919
0.324513
0.260197
0.18926
0.115268
0.0369775
-0.0414112
-0.121718
-0.199396
-0.277364
-0.351352
-0.43046
-0.517572
-0.610079
-0.704128
-0.794268
-0.876315
-0.947943
-1.008
-1.05581
-1.09075
-1.11243
-1.12091
-1.11703
-1.10232
-1.07853
-1.04812
-1.01377
-0.978106
-0.943534
-0.911884
-0.884203
-0.86063
-0.840865
-0.824256
-0.810033
-0.797344
-0.785554
-0.774487
-0.76423
-0.754912
-0.747848
-0.743718
-0.742465
-0.744355
-0.74979
-0.758972
-0.771373
-0.786041
-0.802369
-0.820234
-0.839465
-0.859516
-0.879339
-0.897234
-0.910844
-0.917487
-0.914893
-0.902452
-0.881956
-0.854956
-0.820299
-0.777736
-0.728653
-0.676061
-0.623207
-0.573439
-0.530317
-0.497301
-0.476729
-0.46846
-0.513712
-0.518847
-0.528458
-0.537234
-0.539297
-0.532723
-0.520391
-0.504461
-0.48779
-0.473467
-0.463904
-0.460106
-0.461748
-0.467762
-0.477175
-0.489234
-0.502744
-0.515557
-0.524891
-0.528029
-0.522801
-0.507534
-0.481194
-0.4435
-0.394879
-0.336508
-0.270552
-0.200428
-0.13038
-0.0641232
-0.00699807
0.0448733
0.0988418
0.152827
0.207998
0.261988
0.314887
0.364448
0.410282
0.450455
0.48435
0.51051
0.528195
0.536671
0.535407
0.524184
0.503142
0.472559
0.432833
0.385038
0.329679
0.268578
0.202111
0.132607
0.0602513
-0.012428
-0.0856916
-0.157045
-0.227995
-0.296812
-0.373088
-0.463287
-0.560906
-0.661281
-0.75856
-0.84771
-0.925425
-0.989749
-1.03946
-1.07379
-1.09259
-1.09648
-1.08701
-1.06653
-1.03801
-1.00468
-0.969767
-0.936003
-0.905511
-0.879366
-0.857637
-0.83957
-0.824204
-0.810376
-0.797191
-0.784055
-0.771162
-0.75919
-0.749174
-0.740656
-0.74119
-0.743982
-0.747768
-0.752166
-0.75818
-0.766998
-0.77943
-0.795543
-0.814856
-0.836678
-0.860393
-0.885261
-0.909925
-0.932129
-0.949063
-0.958266
-0.958491
-0.94953
-0.931039
-0.903024
-0.866618
-0.823904
-0.777359
-0.729223
-0.681265
-0.635211
-0.593297
-0.558278
-0.532831
-0.518294
-0.520697
-0.522648
-0.534949
-0.551747
-0.564155
-0.566541
-0.557197
-0.539484
-0.517007
-0.493934
-0.474744
-0.462129
-0.457019
-0.458532
-0.464921
-0.474622
-0.486259
-0.498026
-0.507363
-0.511157
-0.506422
-0.490823
-0.462982
-0.422638
-0.370637
-0.308859
-0.240185
-0.168379
-0.0976729
-0.0319925
0.0219582
0.0701453
0.119571
0.169564
0.220374
0.270661
0.319844
0.366439
0.4095
0.447626
0.479778
0.504841
0.521786
0.530023
0.528937
0.518314
0.498374
0.469224
0.431591
0.386164
0.334074
0.276434
0.214435
0.14951
0.082712
0.0155202
-0.051457
-0.116993
-0.181541
-0.245011
-0.31706
-0.40652
-0.505124
-0.607692
-0.708333
-0.801746
-0.883814
-0.951603
-1.0031
-1.03723
-1.05396
-1.05438
-1.04076
-1.01711
-0.987228
-0.954256
-0.921422
-0.89147
-0.86589
-0.844824
-0.827544
-0.812945
-0.800308
-0.7886
-0.777902
-0.768079
-0.760451
-0.755023
-0.753403
-0.752786
-0.756045
-0.756354
-0.758316
-0.766123
-0.78071
-0.800553
-0.823093
-0.847299
-0.872567
-0.898425
-0.924444
-0.949971
-0.973799
-0.994083
-1.00866
-1.01577
-1.01466
-1.00535
-0.987432
-0.960214
-0.925868
-0.884846
-0.838819
-0.789504
-0.738508
-0.687701
-0.639317
-0.595619
-0.559193
-0.533268
-0.471599
-0.465874
-0.477218
-0.502446
-0.531418
-0.55393
-0.56418
-0.56046
-0.544696
-0.521275
-0.495951
-0.474548
-0.460412
-0.454305
-0.454961
-0.460396
-0.468807
-0.478352
-0.486429
-0.489659
-0.484542
-0.468233
-0.439078
-0.39687
-0.342825
-0.279364
-0.209809
-0.138063
-0.0683538
-0.00468468
0.045943
0.0904261
0.135876
0.182173
0.229204
0.276085
0.321974
0.365784
0.406302
0.442451
0.472947
0.496919
0.513143
0.521135
0.520216
0.510184
0.491304
0.46357
0.427914
0.384809
0.335734
0.2814
0.223404
0.162741
0.100788
0.0385889
-0.0230188
-0.0832434
-0.142254
-0.200481
-0.268134
-0.354946
-0.452267
-0.554607
-0.65595
-0.750897
-0.834829
-0.904054
-0.955856
-0.988909
-1.00314
-1.0003
-0.98432
-0.959595
-0.929584
-0.897932
-0.868055
-0.841804
-0.820041
-0.802205
-0.786612
-0.773464
-0.762264
-0.752189
-0.744414
-0.738601
-0.736862
-0.737849
-0.743942
-0.751784
-0.765903
-0.780664
-0.797959
-0.817997
-0.839213
-0.860557
-0.882521
-0.906217
-0.932022
-0.959302
-0.986905
-1.01346
-1.03746
-1.05734
-1.07148
-1.07856
-1.07755
-1.06823
-1.0503
-1.02301
-0.98495
-0.938377
-0.884959
-0.827088
-0.767098
-0.706822
-0.64778
-0.591071
-0.538716
-0.496125
-0.371409
-0.358162
-0.361328
-0.385627
-0.42653
-0.472114
-0.510454
-0.534282
-0.541839
-0.53351
-0.513864
-0.490213
-0.469319
-0.455066
-0.448224
-0.447671
-0.451651
-0.458018
-0.463962
-0.465898
-0.460011
-0.443078
-0.413182
-0.37008
-0.315194
-0.251275
-0.181909
-0.11113
-0.0432443
0.0178912
0.0653436
0.106278
0.148156
0.191051
0.234704
0.278471
0.321399
0.362627
0.400832
0.435109
0.464068
0.48698
0.502524
0.510268
0.509496
0.50002
0.482114
0.45573
0.421886
0.381001
0.334668
0.283426
0.229041
0.172282
0.114665
0.0569641
0.000136762
-0.0552727
-0.109306
-0.162579
-0.226036
-0.309535
-0.404442
-0.505342
-0.606002
-0.700808
-0.7848
-0.853748
-0.904471
-0.935541
-0.947271
-0.941931
-0.924712
-0.899444
-0.869938
-0.840016
-0.81247
-0.78854
-0.768222
-0.750497
-0.73607
-0.723092
-0.711857
-0.702175
-0.695188
-0.690426
-0.68924
-0.690101
-0.694838
-0.701473
-0.715054
-0.734406
-0.758678
-0.786757
-0.816999
-0.848052
-0.879296
-0.91054
-0.94153
-0.971712
-1.00027
-1.02623
-1.04848
-1.06594
-1.07749
-1.08183
-1.07792
-1.06513
-1.04309
-1.01147
-0.970198
-0.92006
-0.862786
-0.799907
-0.734195
-0.666864
-0.598988
-0.530936
-0.463493
-0.403996
-0.245951
-0.229023
-0.221708
-0.233509
-0.270281
-0.326917
-0.390442
-0.446618
-0.486997
-0.508045
-0.508788
-0.494822
-0.474896
-0.456378
-0.443302
-0.436694
-0.435678
-0.438255
-0.441529
-0.441786
-0.434978
-0.417583
-0.38741
-0.344094
-0.289126
-0.225455
-0.156878
-0.0876044
-0.0219912
0.0364017
0.0808085
0.118489
0.157113
0.196894
0.237474
0.278374
0.318598
0.35742
0.393494
0.425997
0.453517
0.475394
0.490289
0.497779
0.497132
0.488174
0.471165
0.446065
0.4139
0.375129
0.331315
0.282967
0.231879
0.178718
0.125029
0.0714133
0.018904
-0.032155
-0.0816745
-0.130456
-0.18989
-0.269783
-0.361657
-0.460374
-0.559552
-0.653273
-0.736273
-0.803907
-0.85279
-0.88137
-0.890446
-0.883892
-0.865712
-0.840235
-0.811576
-0.783298
-0.757498
-0.734904
-0.715123
-0.69769
-0.682156
-0.667961
-0.655276
-0.644242
-0.635199
-0.627771
-0.62208
-0.61715
-0.613743
-0.611394
-0.615214
-0.628825
-0.650926
-0.678614
-0.709182
-0.740873
-0.772838
-0.804763
-0.836354
-0.867042
-0.896
-0.922193
-0.944408
-0.961399
-0.971943
-0.974766
-0.968988
-0.954087
-0.929782
-0.896146
-0.85392
-0.804313
-0.74945
-0.691411
-0.628782
-0.562006
-0.491956
-0.419716
-0.349538
-0.279788
-0.133411
-0.116643
-0.100204
-0.0934009
-0.110952
-0.158285
-0.22894
-0.307605
-0.378419
-0.432378
-0.464677
-0.473773
-0.465865
-0.451007
-0.436389
-0.425958
-0.420712
-0.419594
-0.420066
-0.418491
-0.410705
-0.392942
-0.362746
-0.319588
-0.264956
-0.201938
-0.134533
-0.0671353
-0.00408165
0.0514529
0.0929278
0.127642
0.163312
0.200239
0.238009
0.276254
0.313984
0.350554
0.384647
0.415468
0.441627
0.462496
0.476759
0.483986
0.483443
0.474965
0.45879
0.43491
0.40432
0.367556
0.326079
0.280439
0.232391
0.182556
0.132446
0.0825622
0.0339573
-0.0131581
-0.0586132
-0.103336
-0.158916
-0.23503
-0.323455
-0.419454
-0.516597
-0.608666
-0.690081
-0.755882
-0.802616
-0.828866
-0.836018
-0.828035
-0.809128
-0.783812
-0.756179
-0.729311
-0.704691
-0.682662
-0.662684
-0.644389
-0.62725
-0.611227
-0.596229
-0.582458
-0.569654
-0.557537
-0.545625
-0.533523
-0.521609
-0.510822
-0.506269
-0.513418
-0.531151
-0.55514
-0.581674
-0.608793
-0.635855
-0.662892
-0.689929
-0.71665
-0.742307
-0.765822
-0.785903
-0.801264
-0.810562
-0.812541
-0.806356
-0.791665
-0.768631
-0.737575
-0.698854
-0.652484
-0.599223
-0.539922
-0.476002
-0.4101
-0.345446
-0.282546
-0.221805
-0.166606
-0.0743188
-0.0474452
-0.0204523
0.0039578
0.00971079
-0.014863
-0.0718256
-0.152899
-0.240496
-0.319457
-0.380537
-0.419462
-0.434096
-0.431946
-0.422607
-0.412678
-0.405526
-0.401758
-0.399803
-0.396479
-0.387726
-0.369636
-0.339529
-0.296715
-0.242657
-0.180554
-0.114602
-0.0493523
0.0109599
0.0635868
0.102248
0.134248
0.16723
0.201537
0.236725
0.272502
0.307914
0.342367
0.374597
0.403824
0.428688
0.448578
0.462219
0.469174
0.468716
0.46068
0.445286
0.422562
0.393465
0.358598
0.319308
0.276208
0.230982
0.184228
0.1374
0.0909364
0.0458774
0.00234358
-0.0394467
-0.0804908
-0.132393
-0.204648
-0.289348
-0.382228
-0.476916
-0.566949
-0.646418
-0.710162
-0.754662
-0.778771
-0.784202
-0.77502
-0.755697
-0.730786
-0.70414
-0.67828
-0.654249
-0.632119
-0.611342
-0.5916
-0.572447
-0.553988
-0.535983
-0.518581
-0.501297
-0.484007
-0.46627
-0.448248
-0.430605
-0.415173
-0.40696
-0.410919
-0.425983
-0.447264
-0.470807
-0.49474
-0.518593
-0.542561
-0.566776
-0.591003
-0.614641
-0.636748
-0.656006
-0.671141
-0.681098
-0.684953
-0.681737
-0.670477
-0.650079
-0.619974
-0.580652
-0.533553
-0.480999
-0.425019
-0.367561
-0.30987
-0.254166
-0.201487
-0.15337
-0.108857
-0.0549019
-0.0186303
0.0172715
0.0519666
0.0811379
0.0803742
0.047862
-0.0190835
-0.105461
-0.195132
-0.275831
-0.337639
-0.378424
-0.395967
-0.398476
-0.394111
-0.388392
-0.383871
-0.380409
-0.375711
-0.366111
-0.347741
-0.317785
-0.275423
-0.222095
-0.161106
-0.0968307
-0.0339278
0.023542
0.0732645
0.109235
0.138745
0.16927
0.201167
0.233975
0.267453
0.300695
0.33315
0.363617
0.391326
0.414953
0.433893
0.446921
0.453594
0.453203
0.445574
0.430917
0.409289
0.381613
0.34854
0.311308
0.270595
0.228001
0.184111
0.140307
0.0969861
0.0551602
0.0148881
-0.0235888
-0.0612922
-0.1097
-0.178088
-0.2589
-0.348372
-0.440278
-0.527985
-0.605281
-0.666849
-0.709119
-0.731102
-0.735119
-0.725023
-0.705504
-0.681033
-0.655107
-0.629762
-0.605748
-0.582954
-0.560911
-0.539294
-0.517758
-0.496404
-0.474968
-0.453656
-0.432043
-0.410357
-0.388447
-0.367032
-0.347059
-0.330728
-0.322581
-0.326513
-0.341269
-0.361949
-0.384759
-0.408125
-0.431908
-0.456484
-0.482118
-0.508673
-0.535433
-0.561097
-0.584143
-0.603205
-0.616738
-0.623042
-0.620831
-0.609699
-0.589722
-0.561605
-0.526646
-0.486514
-0.442249
-0.394864
-0.345327
-0.294894
-0.244749
-0.194821
-0.146525
-0.0976074
-0.0415126
-0.00196512
0.0385743
0.0778024
0.110811
0.130635
0.123546
0.0832592
0.0107653
-0.0782656
-0.167825
-0.24619
-0.30671
-0.344818
-0.363214
-0.368663
-0.367798
-0.364857
-0.361243
-0.355843
-0.345677
-0.32714
-0.297404
-0.255584
-0.203116
-0.143407
-0.0809911
-0.0205727
0.0340168
0.0808791
0.114285
0.141504
0.169778
0.19945
0.230057
0.26139
0.292595
0.323157
0.351945
0.378204
0.400643
0.418663
0.431087
0.437474
0.437125
0.429873
0.415915
0.395327
0.369008
0.337632
0.302345
0.263882
0.223752
0.18253
0.141521
0.101098
0.0622334
0.0249399
-0.010533
-0.0451965
-0.0902976
-0.154865
-0.231718
-0.317592
-0.40647
-0.491622
-0.566572
-0.625903
-0.666001
-0.686092
-0.68874
-0.677907
-0.658268
-0.634101
-0.608519
-0.5832
-0.558683
-0.534771
-0.511088
-0.487288
-0.463157
-0.438742
-0.41393
-0.389082
-0.364055
-0.339517
-0.315577
-0.293357
-0.273703
-0.258762
-0.252308
-0.257762
-0.273809
-0.296041
-0.321233
-0.347827
-0.375335
-0.403982
-0.433926
-0.464949
-0.496528
-0.52759
-0.556547
-0.58188
-0.602036
-0.615169
-0.619654
-0.615077
-0.601693
-0.580232
-0.55099
-0.514188
-0.470133
-0.420293
-0.366828
-0.311187
-0.255118
-0.198374
-0.143002
-0.0872225
-0.0466441
0.000748225
0.0483556
0.0895394
0.123489
0.149065
0.159109
0.141135
0.0911298
0.0163437
-0.0693978
-0.154071
-0.22692
-0.282904
-0.318048
-0.336054
-0.342886
-0.343811
-0.34161
-0.336413
-0.326135
-0.307635
-0.278233
-0.237052
-0.185566
-0.127284
-0.0668744
-0.00902911
0.0426892
0.0867654
0.117734
0.142842
0.169044
0.196656
0.225223
0.254552
0.283842
0.312606
0.33979
0.364657
0.385951
0.403081
0.414912
0.421006
0.420679
0.413777
0.400483
0.380886
0.355861
0.326095
0.292653
0.256313
0.218498
0.179766
0.14135
0.103608
0.0674651
0.0328977
0.000157436
-0.0317348
-0.0737186
-0.134554
-0.207448
-0.289608
-0.375285
-0.457703
-0.530177
-0.587206
-0.625198
-0.643506
-0.644909
-0.633421
-0.613618
-0.589517
-0.563886
-0.538145
-0.512681
-0.487307
-0.461717
-0.435613
-0.408916
-0.381664
-0.354031
-0.326533
-0.29943
-0.273719
-0.249604
-0.228343
-0.210412
-0.198012
-0.194299
-0.202484
-0.221004
-0.245532
-0.273181
-0.303059
-0.335337
-0.370696
-0.409667
-0.45153
-0.494266
-0.536183
-0.57656
-0.614345
-0.646858
-0.670653
-0.68348
-0.685043
-0.675668
-0.655097
-0.62243
-0.578385
-0.525214
-0.46616
-0.403082
-0.338263
-0.27334
-0.20999
-0.151292
-0.0922402
-0.128528
-0.0522428
0.0128394
0.0650458
0.107032
0.141349
0.162815
0.164652
0.137775
0.0830428
0.00918955
-0.0723875
-0.150174
-0.216636
-0.266064
-0.297113
-0.313505
-0.320215
-0.320953
-0.316978
-0.307176
-0.289015
-0.260109
-0.219685
-0.169299
-0.112575
-0.0542901
0.000932575
0.0498233
0.0912087
0.119866
0.143024
0.167315
0.193016
0.219684
0.247137
0.274625
0.301683
0.327331
0.35086
0.371046
0.387313
0.398561
0.40436
0.404039
0.397461
0.384799
0.366146
0.342359
0.314123
0.28243
0.2481
0.212462
0.17606
0.140056
0.104804
0.07117
0.0391044
0.00885845
-0.0205052
-0.0595601
-0.116782
-0.185768
-0.264162
-0.346523
-0.426062
-0.49598
-0.550626
-0.586526
-0.603189
-0.60345
-0.591296
-0.571194
-0.54688
-0.520839
-0.494289
-0.467534
-0.440457
-0.412842
-0.384536
-0.355568
-0.326082
-0.296528
-0.267499
-0.239675
-0.214071
-0.190918
-0.171422
-0.155397
-0.144842
-0.141923
-0.151747
-0.17347
-0.203507
-0.238824
-0.278074
-0.321914
-0.371069
-0.424208
-0.479151
-0.535836
-0.595054
-0.654778
-0.710241
-0.756843
-0.791833
-0.814233
-0.823596
-0.819045
-0.799563
-0.765217
-0.717499
-0.65935
-0.594053
-0.524298
-0.4528
-0.381415
-0.315118
-0.250728
-0.195938
-0.273333
-0.179044
-0.0891813
-0.0175252
0.0452742
0.0953859
0.132737
0.153511
0.150841
0.120292
0.0650507
-0.00616562
-0.0822305
-0.15309
-0.211656
-0.253928
-0.280211
-0.293978
-0.298957
-0.297204
-0.28853
-0.271077
-0.242878
-0.20335
-0.154185
-0.0991365
-0.0430656
0.00951571
0.0556469
0.0944508
0.120925
0.142277
0.1648
0.188724
0.21362
0.239314
0.265105
0.290545
0.314721
0.33696
0.356074
0.371501
0.382179
0.38768
0.387355
0.381078
0.369016
0.351263
0.328661
0.30188
0.271851
0.239425
0.20584
0.171619
0.137869
0.104932
0.0736175
0.0438549
0.0158914
-0.0111653
-0.0474756
-0.10122
-0.166385
-0.241015
-0.319986
-0.396552
-0.463833
-0.516059
-0.549776
-0.564978
-0.564108
-0.551241
-0.530684
-0.505892
-0.479132
-0.451462
-0.423178
-0.394279
-0.364705
-0.334483
-0.303766
-0.272896
-0.242444
-0.213043
-0.185564
-0.160736
-0.139028
-0.121318
-0.106709
-0.0977323
-0.0961956
-0.112598
-0.14431
-0.183775
-0.227222
-0.275358
-0.329151
-0.387754
-0.450363
-0.517419
-0.589216
-0.663746
-0.736821
-0.803989
-0.861295
-0.905871
-0.936336
-0.951917
-0.952032
-0.936222
-0.905117
-0.860324
-0.804818
-0.741765
-0.67439
-0.604443
-0.530771
-0.467417
-0.40901
-0.371865
-0.37187
-0.296683
-0.208428
-0.130642
-0.0487282
0.0144897
0.0725279
0.112307
0.13363
0.128498
0.0963167
0.0417648
-0.0258657
-0.0958697
-0.15894
-0.209189
-0.244285
-0.265439
-0.275556
-0.276897
-0.269989
-0.253654
-0.226402
-0.187928
-0.140104
-0.0868354
-0.033046
0.0168997
0.0603558
0.0966956
0.121111
0.14079
0.161673
0.183941
0.207182
0.231224
0.255415
0.279319
0.302088
0.323085
0.34116
0.35577
0.36589
0.371093
0.370752
0.364756
0.353266
0.336374
0.314905
0.289507
0.261062
0.230445
0.198796
0.166623
0.134981
0.104205
0.0750386
0.0474014
0.0215276
-0.00342522
-0.037167
-0.0875825
-0.149038
-0.219943
-0.295489
-0.369022
-0.43361
-0.483424
-0.515089
-0.528697
-0.526676
-0.513042
-0.491856
-0.466353
-0.438628
-0.409613
-0.379674
-0.348988
-0.317674
-0.285936
-0.254143
-0.222814
-0.192475
-0.163703
-0.137208
-0.113735
-0.0939545
-0.0779286
-0.0655918
-0.0598372
-0.0613123
-0.0851292
-0.120469
-0.162417
-0.211649
-0.267728
-0.327922
-0.389747
-0.453102
-0.519566
-0.590852
-0.66468
-0.735051
-0.798754
-0.852827
-0.895192
-0.924659
-0.940364
-0.941792
-0.928973
-0.902874
-0.865348
-0.818581
-0.764333
-0.704317
-0.641125
-0.57842
-0.522467
-0.476884
-0.435828
-0.339151
-0.315965
-0.268874
-0.209046
-0.13611
-0.0678164
-0.00106278
0.0537828
0.0949043
0.112848
0.104276
0.070031
0.0162889
-0.0474519
-0.110715
-0.165477
-0.207369
-0.235359
-0.250942
-0.256005
-0.251429
-0.236616
-0.210568
-0.173316
-0.126953
-0.0755539
-0.0240927
0.0232422
0.0641175
0.0981132
0.120595
0.138725
0.158081
0.178805
0.200498
0.222986
0.245666
0.268113
0.289538
0.309341
0.326409
0.340222
0.349796
0.354703
0.354341
0.348606
0.33766
0.321591
0.301207
0.277126
0.250192
0.221292
0.19147
0.161222
0.131559
0.102801
0.0756309
0.0499559
0.0259941
0.00296183
-0.0283761
-0.0756169
-0.133495
-0.200742
-0.272865
-0.34332
-0.405201
-0.452586
-0.482183
-0.494192
-0.491021
-0.476529
-0.454531
-0.428138
-0.399268
-0.368776
-0.337211
-0.30492
-0.272154
-0.239377
-0.207248
-0.176308
-0.146905
-0.119571
-0.0949948
-0.0736617
-0.0556641
-0.0416648
-0.0327263
-0.0303121
-0.0328229
-0.0577214
-0.0895883
-0.132625
-0.178133
-0.228595
-0.282262
-0.337649
-0.39449
-0.452913
-0.512195
-0.57058
-0.625372
-0.67414
-0.71469
-0.745635
-0.76588
-0.775024
-0.772891
-0.760126
-0.73774
-0.70739
-0.670581
-0.628436
-0.581193
-0.529516
-0.476132
-0.427259
-0.390276
-0.364127
-0.254971
-0.256283
-0.249106
-0.223275
-0.180241
-0.124734
-0.063589
-0.00449315
0.0468885
0.0819041
0.0938463
0.0800653
0.0432413
-0.00968169
-0.0689205
-0.124827
-0.1711
-0.204724
-0.225547
-0.234632
-0.232808
-0.219878
-0.195285
-0.159423
-0.114638
-0.0651872
-0.0160828
0.028681
0.0670753
0.0988454
0.119515
0.136215
0.154151
0.173427
0.193672
0.214698
0.23595
0.257016
0.277157
0.295815
0.311908
0.324947
0.333986
0.338601
0.33821
0.332722
0.322293
0.307011
0.287663
0.264837
0.239345
0.212078
0.18398
0.155545
0.127744
0.100875
0.07556
0.0516943
0.0294822
0.00820981
-0.0208774
-0.0651044
-0.119548
-0.183231
-0.251951
-0.319316
-0.378474
-0.423397
-0.450946
-0.461382
-0.457023
-0.441535
-0.41858
-0.391189
-0.361044
-0.329079
-0.296087
-0.262428
-0.228548
-0.195338
-0.163555
-0.133522
-0.105732
-0.0808681
-0.0591436
-0.0407501
-0.0256759
-0.0150333
-0.00855844
-0.00694681
-0.00540757
-0.0278607
-0.053002
-0.0841927
-0.12073
-0.162498
-0.208186
-0.256424
-0.305674
-0.354736
-0.402222
-0.446614
-0.486223
-0.519526
-0.545337
-0.562932
-0.572078
-0.572951
-0.565938
-0.551777
-0.531637
-0.506946
-0.47895
-0.448072
-0.414212
-0.376804
-0.33626
-0.295931
-0.264117
-0.250683
-0.176108
-0.190351
-0.199478
-0.195379
-0.179273
-0.146545
-0.102314
-0.0503439
0.00104403
0.0447623
0.0714604
0.0756477
0.0560182
0.0166215
-0.0348874
-0.0887103
-0.136875
-0.174551
-0.19994
-0.213009
-0.214175
-0.203405
-0.180493
-0.146178
-0.103082
-0.0556436
-0.00890756
0.0333361
0.0693516
0.0990109
0.117987
0.133368
0.149984
0.167905
0.186789
0.206441
0.226345
0.246098
0.265015
0.282575
0.297731
0.310015
0.318531
0.322859
0.322436
0.317178
0.307242
0.292714
0.274356
0.252727
0.228613
0.202896
0.176426
0.149701
0.123654
0.0985554
0.0749623
0.0527624
0.0321568
0.0125059
-0.0144764
-0.0558521
-0.107013
-0.167243
-0.2326
-0.296897
-0.353264
-0.395783
-0.421324
-0.430175
-0.424545
-0.407932
-0.383958
-0.35548
-0.323999
-0.290763
-0.256602
-0.221814
-0.187384
-0.154421
-0.12329
-0.094567
-0.069303
-0.047802
-0.0298688
-0.0152402
-0.00164977
0.00861127
0.0128275
0.00732174
0.00111971
-0.0124757
-0.030677
-0.0547603
-0.0839881
-0.118053
-0.155687
-0.195466
-0.235861
-0.275272
-0.312055
-0.344977
-0.372645
-0.394133
-0.408634
-0.41595
-0.41629
-0.410157
-0.398702
-0.382992
-0.364383
-0.343764
-0.32209
-0.29985
-0.276575
-0.25111
-0.223101
-0.194364
-0.170968
-0.163975
-0.113507
-0.131164
-0.147796
-0.156718
-0.156057
-0.142446
-0.116655
-0.0788734
-0.0349762
0.00908046
0.0437359
0.0614784
0.0572429
0.0320113
-0.00929942
-0.0581313
-0.10576
-0.145755
-0.174727
-0.191445
-0.195643
-0.187205
-0.166155
-0.133527
-0.0922156
-0.0468435
-0.00247185
0.0373123
0.0710517
0.0987113
0.116108
0.130275
0.145666
0.162316
0.179921
0.19828
0.216912
0.235421
0.253168
0.269679
0.283933
0.295485
0.303492
0.307537
0.307078
0.302039
0.292573
0.278763
0.261351
0.240865
0.218068
0.193822
0.16889
0.143782
0.119389
0.0959469
0.0739486
0.0532841
0.0341625
0.0160123
-0.00900699
-0.0476926
-0.0957324
-0.152624
-0.214693
-0.275936
-0.329465
-0.369578
-0.393212
-0.400436
-0.393452
-0.375664
-0.350648
-0.320982
-0.288287
-0.254095
-0.218937
-0.183503
-0.149344
-0.117005
-0.0867703
-0.0601362
-0.0379918
-0.0194266
-0.00327944
0.0122217
0.0196574
0.0175753
0.00848633
-0.0152197
-0.0216968
-0.0253213
-0.0397074
-0.060516
-0.0874206
-0.11874
-0.152388
-0.186829
-0.219553
-0.249525
-0.275322
-0.296221
-0.311589
-0.320866
-0.324253
-0.321788
-0.314282
-0.30259
-0.287535
-0.270084
-0.251195
-0.232208
-0.213725
-0.195826
-0.178464
-0.161026
-0.142161
-0.122157
-0.105705
-0.10183
-0.065646
-0.0815682
-0.0997438
-0.114946
-0.124407
-0.124157
-0.113111
-0.0904346
-0.0577855
-0.0196404
0.0164658
0.0422766
0.0503107
0.0381753
0.00804144
-0.0336167
-0.0784923
-0.11907
-0.150475
-0.17028
-0.177374
-0.171324
-0.152261
-0.121432
-0.0819839
-0.0387183
0.00330645
0.0407006
0.0722656
0.0980345
0.113959
0.127007
0.141264
0.156726
0.173127
0.190267
0.207699
0.225029
0.241662
0.257169
0.270558
0.281404
0.288913
0.292682
0.292186
0.287353
0.278335
0.265212
0.248704
0.229308
0.20777
0.184918
0.161441
0.137863
0.11503
0.0931342
0.072611
0.0533678
0.0356259
0.0188662
-0.00432869
-0.0404834
-0.08556
-0.139239
-0.198109
-0.256322
-0.307084
-0.344798
-0.366446
-0.372039
-0.363681
-0.344728
-0.318609
-0.287754
-0.254146
-0.219194
-0.183347
-0.148152
-0.114882
-0.0833885
-0.0550896
-0.0318761
-0.0128334
0.00319123
0.0137342
0.0113304
-0.00608507
-0.0328795
-0.055049
-0.0860705
-0.075953
-0.0811541
-0.0938819
-0.113382
-0.13924
-0.168414
-0.199617
-0.228506
-0.254647
-0.275143
-0.290676
-0.299805
-0.302751
-0.299297
-0.289853
-0.275546
-0.257467
-0.237078
-0.215828
-0.194721
-0.174489
-0.155393
-0.138428
-0.123646
-0.109873
-0.0959693
-0.0822223
-0.0691317
-0.0584184
-0.0561402
-0.0300882
-0.0429194
-0.0594665
-0.0759032
-0.090418
-0.0990313
-0.0991569
-0.0889245
-0.0680365
-0.0387597
-0.00625448
0.0223159
0.038611
0.0374277
0.0181115
-0.0152064
-0.0554937
-0.0950197
-0.127672
-0.149837
-0.159545
-0.155836
-0.138815
-0.109872
-0.0723422
-0.0312068
0.00849747
0.0435801
0.0730714
0.097056
0.11161
0.123623
0.136832
0.151186
0.166454
0.182443
0.198744
0.21496
0.230531
0.245078
0.257641
0.267806
0.274833
0.278332
0.277797
0.27316
0.264567
0.2521
0.236456
0.218103
0.197765
0.176233
0.154133
0.132007
0.110644
0.0901852
0.0710279
0.053109
0.0366549
0.0211811
-0.000324955
-0.0341013
-0.0763686
-0.12697
-0.182735
-0.237977
-0.286018
-0.321291
-0.340959
-0.344932
-0.33522
-0.315096
-0.287824
-0.255968
-0.221714
-0.186177
-0.150371
-0.116267
-0.0841277
-0.0545625
-0.0305803
-0.0126557
0.000867863
0.0045532
-0.0107514
-0.0456078
-0.0766621
-0.0990392
-0.126287
-0.157861
-0.169233
-0.188353
-0.207239
-0.229188
-0.256679
-0.286314
-0.31505
-0.33893
-0.355349
-0.364956
-0.367057
-0.36219
-0.349589
-0.329555
-0.303551
-0.273056
-0.240829
-0.208269
-0.177296
-0.149028
-0.124231
-0.102606
-0.0839468
-0.0693424
-0.0589824
-0.0501376
-0.0398472
-0.0293508
-0.0221697
-0.0221156
-0.00488814
-0.014788
-0.0281899
-0.0430283
-0.0583933
-0.0712729
-0.0788044
-0.0783933
-0.0681813
-0.0483445
-0.0222434
0.00476211
0.0252192
0.0321759
0.0223908
-0.00242423
-0.036878
-0.0739169
-0.106683
-0.130416
-0.142327
-0.140833
-0.12584
-0.0988325
-0.0632596
-0.0242546
0.0131628
0.0460175
0.0735364
0.0958397
0.109117
0.120172
0.132411
0.145736
0.159939
0.174842
0.190074
0.20524
0.219801
0.233431
0.245205
0.254717
0.261277
0.264513
0.263939
0.259487
0.251301
0.23946
0.224641
0.207284
0.188089
0.167809
0.147013
0.126263
0.106279
0.0871556
0.0692686
0.0525907
0.0373389
0.0230482
0.00310141
-0.02844
-0.0680464
-0.115708
-0.168473
-0.220808
-0.266135
-0.299019
-0.316731
-0.319095
-0.308046
-0.286729
-0.258379
-0.225777
-0.191065
-0.155402
-0.120535
-0.0879887
-0.0578331
-0.0328206
-0.0158273
-0.00541262
-0.00551535
-0.0256399
-0.0604741
-0.0931963
-0.0981437
-0.120864
-0.158222
-0.202317
-0.24835
-0.303411
-0.349657
-0.396192
-0.43654
-0.478999
-0.515043
-0.540061
-0.548275
-0.541278
-0.523311
-0.496037
-0.461675
-0.42012
-0.372722
-0.321386
-0.269174
-0.219533
-0.174123
-0.134374
-0.100823
-0.0736318
-0.0514691
-0.0337222
-0.0213409
-0.0145236
-0.00985114
-0.00357789
0.0024316
0.00262469
0.00923516
0.00334992
-0.00599376
-0.0176583
-0.0311996
-0.0448911
-0.0560931
-0.0620531
-0.0606671
-0.0499217
-0.0311127
-0.00839228
0.0125418
0.0245849
0.0225671
0.00560895
-0.0224989
-0.0558904
-0.0877277
-0.112262
-0.125876
-0.126394
-0.113375
-0.0883024
-0.0547115
-0.0178187
0.0173592
0.048069
0.0737174
0.0944388
0.10653
0.116694
0.128034
0.140404
0.153612
0.167488
0.181711
0.195887
0.209491
0.222245
0.233266
0.242153
0.248263
0.251244
0.250631
0.246356
0.238557
0.227313
0.213283
0.196877
0.17877
0.159674
0.140116
0.120667
0.101975
0.0840925
0.0673934
0.0518825
0.037749
0.0245413
0.00603318
-0.0234071
-0.0604956
-0.105356
-0.155232
-0.204722
-0.247361
-0.277921
-0.293711
-0.294497
-0.282131
-0.259647
-0.230386
-0.197272
-0.162395
-0.127312
-0.0940918
-0.0637477
-0.0375639
-0.0195902
-0.0104015
-0.0095043
-0.0249307
-0.054836
-0.0803654
-0.0879788
-0.0921611
-0.114067
-0.158522
-0.233443
-0.325754
-0.397086
-0.479999
-0.552007
-0.619791
-0.676495
-0.723815
-0.751989
-0.755362
-0.732551
-0.690881
-0.639895
-0.583241
-0.521997
-0.455297
-0.385367
-0.315158
-0.249382
-0.190927
-0.141394
-0.100565
-0.0678969
-0.0422617
-0.02221
-0.00733997
0.00190245
0.00654628
0.00964773
0.0130307
0.0139435
0.0129327
0.0114637
0.00715562
-0.000431255
-0.0101885
-0.0219665
-0.0342623
-0.0434865
-0.0479249
-0.0451764
-0.0338064
-0.0164219
0.00234889
0.0164413
0.0201394
0.0100284
-0.0119178
-0.0409281
-0.0708998
-0.0955314
-0.110345
-0.112589
-0.101458
-0.0782859
-0.0466711
-0.0118656
0.0211365
0.0497844
0.0736602
0.0928977
0.10389
0.113225
0.123728
0.135212
0.147493
0.160401
0.173669
0.186913
0.199611
0.21153
0.221834
0.230126
0.235803
0.238537
0.237885
0.233778
0.226348
0.215675
0.202399
0.186898
0.169826
0.151852
0.133467
0.115249
0.0977643
0.0810365
0.0654544
0.0510404
0.0379411
0.0257219
0.00854269
-0.018921
-0.0536318
-0.0958273
-0.142928
-0.189632
-0.229637
-0.257944
-0.271859
-0.271116
-0.257456
-0.233896
-0.203938
-0.170569
-0.135983
-0.10221
-0.0712801
-0.0442795
-0.0239238
-0.0132375
-0.0103765
-0.0179563
-0.0411914
-0.0624085
-0.0661964
-0.0676853
-0.0760307
-0.115225
-0.200651
-0.280729
-0.442186
-0.423943
-0.554166
-0.618009
-0.717306
-0.768804
-0.809711
-0.833738
-0.831446
-0.802668
-0.752824
-0.692924
-0.627082
-0.55644
-0.480358
-0.401482
-0.32399
-0.252548
-0.190356
-0.138834
-0.097611
-0.0655866
-0.0414494
-0.0235263
-0.0107954
-0.00290267
0.00150768
0.0048926
0.00973341
0.0133183
0.0145838
0.0145345
0.0135995
0.0103019
0.00421663
-0.00394189
-0.0149258
-0.0254585
-0.0329419
-0.0357648
-0.0314601
-0.0198359
-0.00444708
0.00927131
0.0163116
0.0119045
-0.00442265
-0.0288767
-0.0562361
-0.080284
-0.0958414
-0.0994918
-0.0901067
-0.0687966
-0.0391165
-0.00636288
0.0245347
0.0512075
0.0734034
0.0912512
0.10123
0.109792
0.119514
0.130175
0.141593
0.153593
0.165958
0.178325
0.190166
0.201291
0.210912
0.218637
0.223902
0.226397
0.225708
0.221761
0.214683
0.204556
0.191998
0.17736
0.16127
0.144359
0.127088
0.110029
0.0936707
0.0780221
0.0634939
0.0501073
0.0379594
0.0266431
0.010695
-0.0149111
-0.0473777
-0.08705
-0.131486
-0.175445
-0.212936
-0.239055
-0.251144
-0.248924
-0.234014
-0.209533
-0.179119
-0.145808
-0.112069
-0.0802597
-0.0522624
-0.0296142
-0.0152614
-0.00947716
-0.0104367
-0.0231385
-0.0402513
-0.0419448
-0.0373302
-0.0556602
-0.103051
-0.14201
-0.265684
-0.333241
-0.377768
-0.421969
-0.486896
-0.549562
-0.609325
-0.656512
-0.688885
-0.706218
-0.705648
-0.686007
-0.649349
-0.600611
-0.543683
-0.480429
-0.412085
-0.341333
-0.272199
-0.208677
-0.153112
-0.106472
-0.0684564
-0.0394477
-0.0188936
-0.00596399
0.000890351
0.00307319
0.00299389
0.00289365
0.00404316
0.0101682
0.0100149
0.0169256
0.0169988
0.0176294
0.0139186
0.00894563
0.000771079
-0.00943272
-0.0183122
-0.0240409
-0.0250611
-0.019395
-0.00798727
0.00410174
0.0122727
0.0120361
0.000729156
-0.0193607
-0.0437161
-0.0665521
-0.0824001
-0.0871761
-0.0793373
-0.0598362
-0.0320385
-0.00127763
0.0275881
0.0523754
0.0729795
0.0895264
0.0985729
0.10642
0.115411
0.125305
0.135922
0.147072
0.158584
0.170123
0.181158
0.191527
0.2005
0.207687
0.212558
0.214825
0.2141
0.210306
0.203563
0.193957
0.182085
0.168267
0.15311
0.137205
0.120989
0.10502
0.0897142
0.0750782
0.061545
0.0491155
0.0378399
0.027352
0.0125474
-0.0113149
-0.0416659
-0.0789644
-0.120826
-0.162103
-0.197205
-0.221188
-0.231527
-0.227891
-0.21182
-0.186617
-0.156001
-0.123119
-0.0907839
-0.0614315
-0.0367722
-0.0184657
-0.00817242
-0.00407181
-0.00562648
-0.0150027
-0.0182676
-0.0138602
-0.0225281
-0.061103
-0.141865
-0.201446
-0.267775
-0.301826
-0.289689
-0.303766
-0.349626
-0.398315
-0.438927
-0.468545
-0.489236
-0.502171
-0.505494
-0.497452
-0.477766
-0.447599
-0.408529
-0.362387
-0.312092
-0.260275
-0.209543
-0.161317
-0.116734
-0.0765192
-0.041402
-0.0122801
0.00952869
0.0233871
0.0299704
0.030126
0.0239743
0.0141924
0.0035485
5.9906e-05
-0.0332098
-0.0145933
0.00435476
0.0147477
0.0164049
0.0154768
0.0119571
0.00415892
-0.00514514
-0.0124026
-0.0162911
-0.0156277
-0.00874472
0.00109086
0.00902472
0.01122
0.0041083
-0.0119051
-0.0331795
-0.0543664
-0.0700236
-0.075671
-0.0691825
-0.0513932
-0.0254314
0.00341563
0.0303288
0.053319
0.0724163
0.087745
0.0959384
0.103126
0.111434
0.12061
0.130483
0.140839
0.151548
0.162308
0.172582
0.182235
0.190592
0.197271
0.201768
0.203817
0.203056
0.199409
0.192986
0.183878
0.17266
0.159621
0.145348
0.130397
0.115178
0.100234
0.0859104
0.0722269
0.0596319
0.0480891
0.0376131
0.0278896
0.0141485
-0.00807727
-0.0364416
-0.0715089
-0.110883
-0.149589
-0.182281
-0.204274
-0.212975
-0.207996
-0.190899
-0.165191
-0.134632
-0.102577
-0.0720888
-0.0454057
-0.0239049
-0.00875428
0.000147142
0.00551124
0.00694103
0.00490293
0.00752989
0.00218774
-0.0357662
-0.0962772
-0.165822
-0.213811
-0.216975
-0.206041
-0.170371
-0.180581
-0.217816
-0.251836
-0.277933
-0.297654
-0.312818
-0.323642
-0.32824
-0.324906
-0.314134
-0.29893
-0.280989
-0.26032
-0.235907
-0.207947
-0.17717
-0.144281
-0.110664
-0.0773465
-0.0462867
-0.0189888
0.00281923
0.0181874
0.0285754
0.0351385
0.0353547
0.0217964
4.29412e-05
-0.0243183
-0.0393512
-0.0314723
-0.0171997
-0.000120465
0.0110627
0.0144657
0.0157843
0.0132964
0.00617045
-0.00184366
-0.00715969
-0.00954468
-0.00698635
-1.95155e-05
0.00697152
0.0102454
0.00623934
-0.00611744
-0.0243516
-0.0436892
-0.0587305
-0.0649663
-0.0596687
-0.0434591
-0.0192838
0.0077354
0.0327873
0.0540651
0.0717383
0.0859259
0.0933397
0.0999216
0.107592
0.116098
0.125277
0.134895
0.144848
0.154874
0.164433
0.173408
0.181181
0.187378
0.191522
0.193364
0.19257
0.189063
0.182946
0.174313
0.163717
0.151418
0.137983
0.123934
0.109658
0.0956764
0.0822707
0.0694851
0.0577718
0.0470466
0.0373055
0.0282912
0.0155394
-0.0051515
-0.0316587
-0.0646258
-0.10161
-0.137849
-0.16821
-0.188306
-0.19546
-0.189227
-0.171275
-0.145272
-0.115032
-0.0841767
-0.0557826
-0.0315945
-0.0125221
0.000982931
0.0103749
0.0179801
0.0228309
0.0229221
0.0199529
-0.0051855
-0.0716509
-0.126194
-0.16236
-0.168314
-0.147171
-0.123264
-0.103372
-0.113543
-0.137047
-0.157816
-0.171112
-0.178841
-0.185281
-0.192301
-0.199479
-0.205892
-0.211244
-0.215042
-0.216067
-0.213427
-0.206643
-0.196107
-0.181302
-0.163638
-0.143056
-0.121095
-0.0991321
-0.0785583
-0.0600481
-0.0441268
-0.0311422
-0.0216056
-0.0152593
-0.016857
-0.0257146
-0.0230192
-0.0210708
-0.00889896
-0.00595388
-0.000351282
0.00668769
0.0120669
0.015034
0.0164819
0.0139401
0.00727606
0.00127606
-0.00261409
-0.00324509
0.00062322
0.00611547
0.0095553
0.00768535
-0.00165668
-0.0169738
-0.0343916
-0.048537
-0.0550437
-0.0507985
-0.0360341
-0.0135767
0.0116965
0.0349894
0.0546393
0.0709659
0.0840864
0.0907883
0.0968152
0.103894
0.111772
0.120305
0.129236
0.13848
0.147814
0.156702
0.165038
0.172256
0.177999
0.18181
0.183456
0.18263
0.179258
0.173433
0.165254
0.155249
0.143651
0.13101
0.117815
0.10443
0.0913496
0.0788029
0.066864
0.0559763
0.0460027
0.0369407
0.0285875
0.0167538
-0.00249912
-0.0272756
-0.0582638
-0.0929582
-0.126814
-0.154976
-0.173268
-0.178952
-0.17158
-0.152955
-0.126853
-0.097194
-0.0678289
-0.0415245
-0.0193646
-0.00193146
0.0108848
0.0211279
0.0294784
0.0329464
0.0247473
0.00769268
-0.0405622
-0.0916031
-0.123507
-0.128045
-0.114936
-0.093964
-0.0771196
-0.0692067
-0.0752192
-0.0886706
-0.0997778
-0.108008
-0.117218
-0.128554
-0.139868
-0.149428
-0.158347
-0.168645
-0.179916
-0.191089
-0.201403
-0.211137
-0.219669
-0.227008
-0.233271
-0.238712
-0.2444
-0.248405
-0.24796
-0.237286
-0.214167
-0.184236
-0.151576
-0.122779
-0.0966454
-0.0764125
-0.0471805
-0.0186965
0.00750839
0.0104765
0.0056364
0.0101803
0.0136345
0.0151692
0.016794
0.0176181
0.0140371
0.008611
0.00413369
0.00159851
0.00274095
0.00641558
0.00942273
0.00845002
0.00174171
-0.0108398
-0.0263028
-0.0394196
-0.0458986
-0.0425509
-0.0291198
-0.00829037
0.0153145
0.0369548
0.0550643
0.0701177
0.0822399
0.0882925
0.093812
0.100343
0.107633
0.115565
0.123858
0.132436
0.14112
0.149378
0.157112
0.163806
0.16912
0.172617
0.174078
0.173224
0.169981
0.164434
0.156689
0.147244
0.13631
0.124422
0.112033
0.099489
0.0872538
0.0755116
0.0643706
0.054253
0.0449698
0.0365389
0.0288033
0.0178177
-8.74261e-05
-0.0232552
-0.0523791
-0.0848762
-0.116442
-0.142542
-0.159119
-0.163425
-0.155047
-0.135928
-0.109905
-0.0810951
-0.0533914
-0.0289299
-0.00835794
0.00770973
0.0201019
0.0299757
0.0350949
0.0304661
0.0118746
-0.0185373
-0.0598587
-0.090716
-0.0990219
-0.0901351
-0.0744659
-0.0584193
-0.0451307
-0.0408594
-0.054824
-0.0685933
-0.0769119
-0.0833879
-0.0904802
-0.0981967
-0.105319
-0.112974
-0.123609
-0.137946
-0.155218
-0.175486
-0.199067
-0.226451
-0.257108
-0.291697
-0.3307
-0.375881
-0.424598
-0.470402
-0.497874
-0.495792
-0.462377
-0.405358
-0.337048
-0.26852
-0.203803
-0.142181
-0.0872414
-0.0630077
-0.0188013
0.0236172
0.00662786
0.0125293
0.0166825
0.0182109
0.0179996
0.0192222
0.0182696
0.0144291
0.010182
0.00676081
0.00586182
0.00770736
0.00996961
0.00960725
0.00444786
-0.00575911
-0.0192627
-0.0313017
-0.0375341
-0.0348996
-0.0227054
-0.00341019
0.0186074
0.0387006
0.0553581
0.0692103
0.080397
0.0858576
0.0909141
0.0969395
0.103681
0.111053
0.118755
0.126709
0.13478
0.142449
0.149617
0.155817
0.160727
0.163928
0.165216
0.164335
0.161216
0.155935
0.148603
0.139689
0.129384
0.118208
0.106583
0.0948297
0.0833862
0.0723982
0.0620086
0.0526068
0.0439584
0.0361173
0.0289569
0.0187507
0.00211153
-0.0195678
-0.0469315
-0.0773164
-0.106699
-0.130873
-0.145825
-0.148856
-0.139607
-0.120161
-0.0944025
-0.0666839
-0.0406532
-0.0177395
0.00138058
0.0160431
0.0273455
0.0341615
0.0327577
0.0189433
-0.00502025
-0.0361328
-0.0622481
-0.0753102
-0.0719909
-0.060253
-0.0489045
-0.0385338
-0.035087
-0.0424348
-0.0507136
-0.054047
-0.0541951
-0.0519806
-0.0486717
-0.0441179
-0.0427656
-0.0485823
-0.0622219
-0.0823228
-0.108758
-0.141446
-0.18032
-0.224512
-0.273165
-0.326194
-0.384505
-0.449771
-0.51946
-0.584159
-0.624344
-0.629282
-0.595379
-0.535081
-0.431867
-0.350084
-0.277486
-0.196677
-0.160779
-0.0917369
-0.0613273
0.0114251
0.00508253
0.0159982
0.0185269
0.021244
0.020974
0.0210264
0.0210234
0.0186985
0.0152157
0.011697
0.00953053
0.00972434
0.0110358
0.0108812
0.00681467
-0.00152836
-0.0131469
-0.0240782
-0.0299407
-0.027829
-0.0167666
0.00107828
0.0215898
0.0402442
0.0555367
0.0682571
0.078568
0.0834876
0.0881225
0.0936829
0.0999136
0.106763
0.113917
0.121288
0.128784
0.135901
0.142538
0.148272
0.152802
0.155727
0.156851
0.155947
0.152947
0.147919
0.140981
0.132571
0.12286
0.112359
0.101453
0.0904451
0.0797426
0.0694622
0.0597794
0.051041
0.0429781
0.0356896
0.0290609
0.0195682
0.0041201
-0.01619
-0.0418805
-0.0702385
-0.0975572
-0.119932
-0.133355
-0.135212
-0.125243
-0.105619
-0.0803233
-0.0538804
-0.0294212
-0.0079486
0.00942389
0.0224091
0.0312856
0.0326612
0.0247065
0.00581547
-0.0180315
-0.0417608
-0.0552383
-0.0576285
-0.0512669
-0.0441652
-0.0399991
-0.0425074
-0.0572341
-0.0653285
-0.0687492
-0.061966
-0.0446856
-0.0222169
0.00104623
0.0145671
0.0159339
0.0059546
-0.0133064
-0.0401657
-0.0738035
-0.113329
-0.157688
-0.206703
-0.256726
-0.307631
-0.357482
-0.405926
-0.4509
-0.487267
-0.50591
-0.501586
-0.472518
-0.4238
-0.360563
-0.292919
-0.226375
-0.162581
-0.122915
-0.0741104
-0.0610816
-0.0201019
0.000611682
0.0149509
0.0197801
0.023406
0.0239133
0.023446
0.0233835
0.0219681
0.0192277
0.0160267
0.013333
0.0122565
0.0125243
0.0122857
0.00901588
0.00202067
-0.00786607
-0.0176583
-0.0230763
-0.0213294
-0.0112818
0.00519805
0.0242742
0.0416006
0.0556151
0.0672697
0.0767615
0.0811867
0.0854368
0.0905711
0.0963264
0.102687
0.109334
0.116163
0.123117
0.129717
0.135858
0.141155
0.145327
0.147993
0.148967
0.148042
0.145156
0.140371
0.133807
0.125872
0.116724
0.106862
0.0966341
0.0863267
0.0763173
0.0667015
0.0576825
0.0495582
0.042037
0.0352669
0.0291253
0.0202853
0.00595513
-0.013102
-0.0371865
-0.0636108
-0.0889903
-0.109692
-0.121676
-0.122463
-0.11194
-0.0922633
-0.0676415
-0.0425885
-0.0196312
0.000179495
0.015614
0.0263593
0.0312253
0.0270281
0.0148002
-0.00482366
-0.025171
-0.0399324
-0.0450519
-0.0438046
-0.0397208
-0.0374318
-0.0404035
-0.0394964
-0.0403621
-0.0398822
-0.0970296
-0.0227756
-0.0400616
-0.0182431
0.00492347
0.0175736
0.0163525
0.00344755
-0.0185656
-0.046591
-0.077886
-0.112486
-0.149376
-0.188261
-0.227022
-0.264286
-0.297688
-0.324705
-0.342942
-0.350713
-0.345882
-0.328139
-0.300173
-0.265193
-0.22445
-0.180759
-0.135572
-0.0906096
-0.0634075
-0.0320898
-0.0362314
-0.029708
-0.00548354
0.00895526
0.0188398
0.0239233
0.0260669
0.0256881
0.0255207
0.0246586
0.0225025
0.0196596
0.0168893
0.0150613
0.0143772
0.0138016
0.011098
0.00517558
-0.00330191
-0.0119666
-0.016883
-0.0153827
-0.00623964
0.00897708
0.0266784
0.04278
0.055607
0.0662583
0.0749852
0.0789586
0.082857
0.0876017
0.0929157
0.098819
0.104997
0.111321
0.117766
0.123883
0.129561
0.134447
0.138285
0.140709
0.141543
0.140601
0.137826
0.133272
0.127065
0.11958
0.110964
0.101704
0.0921157
0.0824656
0.0731041
0.0641127
0.0557166
0.0481599
0.0411423
0.0348578
0.0291599
0.020919
0.00762823
-0.0102823
-0.0328129
-0.0574103
-0.080971
-0.100125
-0.110748
-0.110591
-0.0996704
-0.080061
-0.0563423
-0.0327312
-0.0112438
0.00665524
0.0198196
0.027573
0.027697
0.0198677
0.00570857
-0.0118157
-0.0266126
-0.0336973
-0.0344739
-0.0312767
-0.0238448
-0.0100115
0.00394727
0.0112332
0.013895
-0.00717103
-0.0421059
-0.0625678
-0.0761353
-0.0650614
-0.0530075
-0.0472089
-0.0505722
-0.0612728
-0.0771281
-0.0965261
-0.116274
-0.136629
-0.157178
-0.177936
-0.198091
-0.216733
-0.232857
-0.244837
-0.250814
-0.248816
-0.238494
-0.219677
-0.193676
-0.164447
-0.133317
-0.100174
-0.0664011
-0.0355405
-0.016494
-0.000732295
-0.0091079
-0.0176754
-0.0074918
0.003711
0.0149803
0.021782
0.0264606
0.0273037
0.0271401
0.0267166
0.0251921
0.0227292
0.0200381
0.0178441
0.0164754
0.0154509
0.013056
0.00798873
0.000756602
-0.00692094
-0.0113187
-0.00995758
-0.00162316
0.0124347
0.0288246
0.0437916
0.0555233
0.0652314
0.0732464
0.0768066
0.0803826
0.0847723
0.0896782
0.0951528
0.100894
0.106749
0.112718
0.118384
0.123629
0.128131
0.131655
0.133854
0.13456
0.133605
0.130936
0.126604
0.120737
0.113676
0.105563
0.0968736
0.0878856
0.0788514
0.0700956
0.0616919
0.0538797
0.0468469
0.040299
0.0344693
0.0291761
0.0214878
0.00914778
-0.00770509
-0.0287297
-0.051618
-0.073474
-0.0912011
-0.100533
-0.099594
-0.0883858
-0.0689862
-0.0463938
-0.024232
-0.00435678
0.0114691
0.0220001
0.0261509
0.0224416
0.012837
-0.00115371
-0.0147642
-0.0233677
-0.0249549
-0.0214437
-0.0105841
0.00781703
0.0244565
0.0387609
0.051689
0.03466
-0.0142895
-0.0503976
-0.104095
-0.160638
-0.193462
-0.200498
-0.193306
-0.180568
-0.169848
-0.163251
-0.160174
-0.159166
-0.159082
-0.16052
-0.162508
-0.164232
-0.164775
-0.163897
-0.160985
-0.155574
-0.147916
-0.138199
-0.128583
-0.116964
-0.101579
-0.0826713
-0.0606781
-0.0333909
-0.00494063
0.00672773
0.019769
0.00844709
-0.00115658
-0.00176331
0.00393144
0.0113693
0.0187183
0.0244373
0.0275974
0.0280693
0.0280737
0.0271942
0.0252614
0.0227772
0.0204379
0.0186247
0.0172071
0.014939
0.0105051
0.00426206
-0.00245055
-0.00634047
-0.00502205
0.00258981
0.0155866
0.0307353
0.0446444
0.0553733
0.0641966
0.0715515
0.0747342
0.0780138
0.0820804
0.0866108
0.0916837
0.0970177
0.102437
0.107962
0.113207
0.118048
0.12219
0.125421
0.127411
0.128
0.127034
0.124469
0.120348
0.114803
0.108143
0.100508
0.0923548
0.0839302
0.0754728
0.0672839
0.059434
0.0521679
0.0456186
0.0395107
0.0341069
0.0291854
0.0220092
0.0105221
-0.00534052
-0.024916
-0.0462147
-0.0664779
-0.0828806
-0.0910008
-0.0894705
-0.0780154
-0.0590374
-0.0377428
-0.0169483
0.00114138
0.0146244
0.0222569
0.0229302
0.0170211
0.00689184
-0.00499068
-0.0138435
-0.0166446
-0.0127431
-0.00160513
0.0154753
0.0325634
0.0424743
0.0552303
0.0201943
-0.025002
-0.119904
-0.112962
-0.191537
-0.247952
-0.290064
-0.301058
-0.292036
-0.27442
-0.253528
-0.233394
-0.213772
-0.194304
-0.174069
-0.154259
-0.135205
-0.117272
-0.101196
-0.0877302
-0.0774823
-0.0699839
-0.0644495
-0.0588576
-0.0519895
-0.0489582
-0.0498036
-0.0541423
-0.0517159
-0.0375222
-0.00454667
0.0392254
0.0439007
0.048139
0.0310574
0.0136311
0.00958384
0.0114804
0.0169116
0.0216552
0.0263855
0.0280429
0.0285693
0.0284227
0.0271459
0.0250466
0.0227844
0.0207029
0.0189628
0.0167678
0.0127962
0.00732618
0.00151462
-0.00189076
-0.000552059
0.00642379
0.0184487
0.0324329
0.0453462
0.0551655
0.0631609
0.0699056
0.0727446
0.0757506
0.079523
0.0837099
0.0884075
0.0933611
0.0983759
0.103486
0.108338
0.112805
0.11661
0.119566
0.121361
0.121843
0.12087
0.118404
0.114485
0.109245
0.102962
0.0957788
0.0881315
0.0802346
0.0723174
0.0646603
0.0573325
0.0505763
0.0444728
0.0387785
0.0337742
0.029197
0.0224971
0.0117628
-0.00315943
-0.0213585
-0.0411767
-0.0599678
-0.0751116
-0.0821421
-0.0801933
-0.0684818
-0.0502258
-0.0302846
-0.0107947
0.00528264
0.016217
0.0209594
0.0190304
0.0122855
0.00285856
-0.00555235
-0.00941342
-0.00641396
0.00335758
0.0180774
0.0333
0.0422452
0.0358657
0.0246255
-0.029469
-0.065081
-0.0901112
-0.114141
-0.165451
-0.213198
-0.254278
-0.281711
-0.294707
-0.297056
-0.292289
-0.274752
-0.257573
-0.232595
-0.200348
-0.164938
-0.129742
-0.0982331
-0.071757
-0.0525904
-0.039788
-0.0344446
-0.0344954
-0.0439484
-0.0265306
-0.0306106
-0.0440162
-0.0558242
-0.0613633
-0.0322823
0.00359316
0.0728389
0.0590702
0.0710832
0.0642182
0.0486243
0.028979
0.0187661
0.0184441
0.02067
0.0244804
0.0273056
0.0284423
0.0289382
0.0283977
0.0267752
0.0247713
0.0226572
0.0206432
0.0184908
0.0149232
0.0100276
0.00503564
0.00207507
0.0034741
0.00990729
0.0210325
0.0339406
0.045906
0.0549064
0.0621317
0.0683126
0.0708396
0.0735927
0.0770964
0.0809706
0.085319
0.0899173
0.0945564
0.0992796
0.103766
0.107885
0.111377
0.114075
0.115687
0.116071
0.115093
0.11272
0.108993
0.104041
0.0981138
0.0913587
0.0841865
0.0767836
0.069373
0.0622158
0.0553801
0.0490979
0.0434062
0.0381018
0.0334725
0.0292161
0.0229595
0.0128863
-0.00113654
-0.0180472
-0.0364795
-0.0539248
-0.0678451
-0.0739599
-0.0716828
-0.0597668
-0.0425553
-0.0238398
-0.00584841
0.00807556
0.016539
0.018743
0.0153713
0.00878909
0.00140123
-0.00309293
-0.00190581
0.0057885
0.0180337
0.0305558
0.0377073
0.0328409
0.0159337
-0.0112954
-0.0412273
-0.0516749
-0.0383807
-0.0603
-0.0915993
-0.124522
-0.158984
-0.190203
-0.216329
-0.236619
-0.24756
-0.245802
-0.234365
-0.215223
-0.190357
-0.162135
-0.133853
-0.109545
-0.090818
-0.0788789
-0.0719419
-0.0699861
-0.0704777
-0.071697
-0.0674292
-0.0613846
-0.0571014
-0.0540425
-0.0503849
-0.0290306
0.00619969
0.0411349
0.0274415
0.0608432
0.0714263
0.0657365
0.0531242
0.0359944
0.0255273
0.0231628
0.0238068
0.0263603
0.0279037
0.0287779
0.029043
0.0280142
0.0262981
0.0243875
0.022242
0.0200504
0.0168947
0.0124454
0.00818403
0.00560541
0.00708126
0.0130665
0.0233504
0.0352746
0.0463375
0.0546007
0.0611158
0.0667745
0.0690199
0.0715387
0.0747958
0.0783857
0.0824105
0.086678
0.0909684
0.0953303
0.0994759
0.103273
0.106474
0.10893
0.110371
0.110664
0.109682
0.107399
0.103852
0.0991719
0.0935808
0.0872307
0.0805039
0.0735635
0.0666288
0.059942
0.0535684
0.0477255
0.0424144
0.0374785
0.0332008
0.0292436
0.0233988
0.0139114
0.0007468
-0.0149713
-0.0321008
-0.0483204
-0.0610495
-0.0664439
-0.0638332
-0.0519072
-0.0359567
-0.018229
-0.00189441
0.0096895
0.0159956
0.0162532
0.0124815
0.00676944
0.0021427
0.00172049
0.0068202
0.0167119
0.0272598
0.0329829
0.0303014
0.0154488
-0.00204629
-0.0251127
-0.0269499
-0.0207207
-0.00148932
-0.0106204
-0.0283769
-0.0467765
-0.0612506
-0.0743748
-0.0877828
-0.0976866
-0.0982411
-0.0925257
-0.0836496
-0.0752113
-0.0701168
-0.0700492
-0.076828
-0.0898502
-0.107942
-0.128248
-0.147118
-0.159789
-0.163021
-0.15626
-0.140154
-0.119381
-0.0979076
-0.0812833
-0.0696162
-0.0573421
-0.0284377
-0.0262012
-0.026719
0.0143497
0.0508937
0.0610048
0.0619631
0.0514893
0.0380983
0.0294165
0.0260125
0.0261995
0.027438
0.0283853
0.0289669
0.0287864
0.0273963
0.0257642
0.0237274
0.0214477
0.0186652
0.01463
0.0109391
0.00875341
0.0102963
0.0159212
0.025423
0.0364457
0.046655
0.0542532
0.0601187
0.0652917
0.0672844
0.0695863
0.0726157
0.0759465
0.0796716
0.0836316
0.0875993
0.0916237
0.0954506
0.09895
0.10188
0.104111
0.105393
0.105602
0.104619
0.10242
0.0990451
0.0946213
0.0893471
0.08338
0.07707
0.0705626
0.0640755
0.0578308
0.0518892
0.0464516
0.0414933
0.0369057
0.0329558
0.0292763
0.0238131
0.0148536
0.00250317
-0.0121158
-0.0280239
-0.0431177
-0.0547172
-0.059558
-0.0565638
-0.0449373
-0.0302604
-0.0133961
0.00101579
0.0104426
0.0149263
0.0140571
0.0106413
0.00643003
0.00472783
0.00752713
0.0147679
0.0237568
0.0290267
0.0272836
0.0169853
0.00136072
-0.0123147
-0.0201357
-0.010444
-0.00102566
0.00792744
-0.0049944
-0.0135224
-0.010438
-0.00498728
-0.000403785
0.00716272
0.0202602
0.034082
0.042592
0.0442241
0.0361466
0.0199006
-0.00501126
-0.0384603
-0.079814
-0.128114
-0.178152
-0.224388
-0.257418
-0.272427
-0.267937
-0.246195
-0.212652
-0.176479
-0.150474
-0.13216
-0.112915
-0.0771848
-0.0724965
-0.0513895
-0.0256892
0.012846
0.0389894
0.0539327
0.0555935
0.0477101
0.038157
0.0310536
0.0279218
0.0275503
0.0281577
0.0286363
0.0290895
0.0281772
0.0267468
0.0250098
0.0227145
0.0201972
0.0166036
0.0133497
0.0115499
0.0131588
0.0184862
0.0272693
0.0374667
0.0468719
0.0538684
0.0591444
0.0638634
0.0656313
0.0677329
0.0705504
0.0736436
0.0770904
0.0807644
0.0844342
0.0881436
0.0916714
0.0948939
0.097574
0.0995974
0.100731
0.100864
0.0998829
0.0977661
0.0945556
0.0903743
0.0853993
0.0797938
0.0738732
0.0677715
0.0617049
0.0558738
0.050334
0.0452694
0.040639
0.0363795
0.0327327
0.0293075
0.0241972
0.0157259
0.00414196
-0.00946472
-0.0242372
-0.0382817
-0.0488544
-0.0532426
-0.0498427
-0.0388589
-0.0252553
-0.00935314
0.00294418
0.0107058
0.0136429
0.0125363
0.00989348
0.00733084
0.00821311
0.0130588
0.020207
0.0254907
0.0247008
0.017755
0.00503639
-0.00609023
-0.0121117
-0.00713679
0.0037408
0.00529374
0.00241944
-0.0160576
-0.0209965
-0.0153405
-0.00806448
0.00123948
0.0148145
0.0295544
0.0412135
0.0490403
0.04771
0.0393525
0.023054
0.000601225
-0.029997
-0.068008
-0.113496
-0.162786
-0.20992
-0.246533
-0.267035
-0.269704
-0.256249
-0.229628
-0.19723
-0.166628
-0.138289
-0.10875
-0.0770722
-0.0633211
-0.0447437
-0.0379912
-0.0186873
0.0106731
0.0335153
0.0471888
0.0491039
0.0438259
0.0364939
0.0313218
0.028734
0.0283861
0.0283508
0.0288679
0.0287085
0.0273973
0.0259888
0.023854
0.0215017
0.0183607
0.0154773
0.014018
0.0157024
0.0207798
0.0289048
0.0383482
0.0470027
0.0534499
0.0581958
0.0624879
0.0640583
0.0659763
0.0685955
0.0714694
0.0746562
0.0780631
0.0814583
0.0848749
0.0881218
0.0910863
0.0935358
0.0953683
0.0963665
0.0964316
0.0954555
0.0934198
0.090368
0.0864164
0.0817237
0.0764587
0.0709018
0.0651803
0.0595079
0.0540618
0.0488939
0.0441724
0.0398479
0.035896
0.0325257
0.0293301
0.0245473
0.016538
0.00567044
-0.0070042
-0.0207282
-0.0337856
-0.0434608
-0.0474255
-0.0436989
-0.0335798
-0.0207663
-0.00614207
0.00417402
0.0107624
0.012481
0.0117283
0.00984287
0.00892227
0.0117988
0.0170941
0.0219724
0.0226722
0.0174549
0.00856407
-0.00131584
-0.0048677
0.00123238
0.0108756
0.0131721
0.00369813
-0.00404578
-0.0215635
-0.0250095
-0.0242473
-0.0235663
-0.0209215
-0.0121627
-0.00153957
0.00715309
0.0128916
0.0117902
0.00717689
-0.00194454
-0.0116311
-0.0222759
-0.0323196
-0.0426554
-0.0547843
-0.0691943
-0.0845113
-0.098543
-0.108112
-0.11351
-0.111991
-0.101641
-0.085149
-0.0685914
-0.0547098
-0.0396751
-0.0325525
-0.0240369
-0.0311709
-0.0307702
-0.0134762
0.0100316
0.030561
0.0414026
0.0436417
0.0395176
0.034698
0.0307418
0.0291316
0.028549
0.028502
0.0289575
0.0278594
0.0266431
0.0248145
0.0226194
0.019888
0.0173585
0.0161994
0.0179547
0.022817
0.0303487
0.0390991
0.0470598
0.0530022
0.0572737
0.0611639
0.0625634
0.0643145
0.0667481
0.0694187
0.0723624
0.0755185
0.0786605
0.0818072
0.084791
0.0875146
0.089751
0.0914091
0.0922845
0.0922886
0.0913208
0.0893648
0.0864658
0.0827312
0.0783045
0.0733593
0.068142
0.062777
0.0574727
0.0523836
0.0475596
0.0431546
0.0391162
0.0354508
0.0323299
0.0293413
0.0248631
0.0172969
0.00709246
-0.0047194
-0.0174802
-0.0296111
-0.0385137
-0.0420483
-0.0381663
-0.0289511
-0.0167728
-0.00372024
0.00507376
0.0106414
0.0116674
0.0114859
0.0100555
0.0108536
0.0147076
0.0186499
0.0204627
0.0171976
0.0106644
0.00340913
0.000772331
0.00702335
0.0134445
0.015978
0.0121281
-0.00153175
-0.0127418
-0.0201081
-0.0288784
-0.0360554
-0.0477878
-0.0595094
-0.0664714
-0.0635194
-0.0538397
-0.0424114
-0.034418
-0.0304926
-0.0294396
-0.0297396
-0.0294917
-0.0280131
-0.0248383
-0.0206263
-0.0162445
-0.0122058
-0.00937562
-0.00982562
-0.0121881
-0.0170989
-0.0202591
-0.0202074
-0.0176456
-0.0179121
-0.017617
-0.00913485
-0.0128438
-0.0161211
-0.0233177
-0.0232649
-0.00926819
0.0118003
0.0275414
0.0373051
0.0387166
0.0364131
0.032814
0.0299741
0.0291536
0.028339
0.0287441
0.0281695
0.0270647
0.0255361
0.0235629
0.0211969
0.0190032
0.018246
0.0199484
0.0246137
0.0316187
0.0397286
0.0470535
0.0525299
0.0563781
0.0598914
0.0611445
0.0627463
0.0650065
0.0674891
0.0702066
0.0731267
0.076035
0.0789348
0.0816747
0.0841733
0.086212
0.0877101
0.0884739
0.0884223
0.087464
0.0855851
0.0828314
0.0793004
0.0751237
0.0704779
0.0655778
0.0605474
0.055586
0.0508274
0.0463222
0.0422103
0.0384399
0.0350394
0.032142
0.0293417
0.0251474
0.0180049
0.00841198
-0.00259568
-0.0144796
-0.0257436
-0.0339728
-0.0370887
-0.0332274
-0.0248422
-0.0132724
-0.0018193
0.00581435
0.0103459
0.0113215
0.0113388
0.0104151
0.0127943
0.0161263
0.0178547
0.0168712
0.0117994
0.00697587
0.00475038
0.00843424
0.0133546
0.014099
0.0113361
-0.00360999
-0.0238259
-0.0507138
-0.039944
-0.0671682
-0.0780529
-0.103159
-0.129547
-0.151502
-0.155151
-0.13964
-0.117169
-0.0956951
-0.0813386
-0.0713403
-0.0661463
-0.0631469
-0.0617113
-0.0607415
-0.0595216
-0.0578149
-0.05522
-0.051583
-0.0493334
-0.0470005
-0.0470801
-0.0479388
-0.0428726
-0.0353558
-0.0245786
-0.0208546
-0.0133596
-0.0230005
-0.0165765
-0.0144832
-0.0171378
-0.0170277
-0.003971
0.0124497
0.0264627
0.0335052
0.0351621
0.0337738
0.030634
0.0296274
0.0286193
0.0285241
0.0282767
0.0273401
0.0260389
0.0243186
0.0223028
0.0204216
0.0199658
0.0217014
0.0261877
0.0327286
0.040246
0.0469938
0.0520374
0.055509
0.0586716
0.0598008
0.0612702
0.0633693
0.0656791
0.0681885
0.0708872
0.0735789
0.0762534
0.0787694
0.0810586
0.0829131
0.0842627
0.084924
0.0848202
0.0838708
0.0820646
0.0794472
0.0761058
0.0721641
0.0677985
0.0631949
0.0584784
0.0538361
0.0493839
0.0451749
0.0413351
0.0378152
0.0346577
0.0319597
0.0293325
0.025404
0.0186608
0.00963769
-0.000624713
-0.0117132
-0.0221613
-0.0298103
-0.0325383
-0.0288309
-0.0211674
-0.0102776
-0.000257485
0.00640544
0.0101055
0.0113266
0.0110429
0.0110139
0.0141197
0.0156129
0.0157437
0.0127543
0.00870579
0.00723888
0.00821311
0.011681
0.0125952
0.00598848
-0.00586827
-0.0280966
-0.0461177
-0.0608595
-0.0657051
-0.0809171
-0.0975487
-0.123382
-0.154372
-0.178379
-0.180913
-0.159679
-0.132631
-0.109872
-0.0945086
-0.0845997
-0.0806668
-0.0793573
-0.0804044
-0.0831474
-0.086127
-0.0879992
-0.086817
-0.0856025
-0.0795919
-0.0756024
-0.0705016
-0.0660628
-0.0604948
-0.0530962
-0.0435346
-0.0356609
-0.0368875
-0.0330296
-0.0250401
-0.0194943
-0.014488
-0.0141456
-0.0112291
0.000161238
0.0139724
0.0254369
0.0305559
0.0325993
0.0308462
0.0296694
0.0288836
0.0284192
0.0282113
0.0274826
0.0263742
0.0248959
0.0232086
0.0216348
0.0214467
0.0232352
0.0275544
0.0336908
0.0406619
0.0468875
0.05153
0.0546668
0.0575072
0.0585318
0.0598843
0.0618342
0.0639859
0.0663053
0.0687976
0.0712874
0.0737551
0.0760656
0.0781607
0.0798435
0.0810538
0.0816199
0.0814672
0.080526
0.0787876
0.0762974
0.0731331
0.0694132
0.0653102
0.060984
0.0565619
0.0522161
0.0480481
0.0441145
0.0405269
0.0372393
0.0343026
0.0317822
0.0293148
0.0256352
0.0192656
0.0107783
0.00119732
-0.00916049
-0.0188494
-0.0260055
-0.0283763
-0.0249178
-0.0178623
-0.00772561
0.0010185
0.00684617
0.0100322
0.0112624
0.0107411
0.0117214
0.0141177
0.0139004
0.0130958
0.00949589
0.00848666
0.00847065
0.00907324
0.0100247
0.00319157
-0.00914306
-0.0261853
-0.0425391
-0.051249
-0.0521839
-0.0540803
-0.0628841
-0.0702438
-0.0801653
-0.0916944
-0.0971913
-0.0899705
-0.0741172
-0.059707
-0.0512522
-0.0480783
-0.0488863
-0.0507891
-0.0522909
-0.0533544
-0.0544159
-0.0541483
-0.0528122
-0.0489974
-0.0462396
-0.0415482
-0.0386152
-0.0387256
-0.0403555
-0.0449045
-0.0460501
-0.0438396
-0.0391738
-0.0391026
-0.0321864
-0.0326989
-0.0283938
-0.0217318
-0.0161737
-0.0131106
-0.00695506
0.0031045
0.0161103
0.0238329
0.0289196
0.0298659
0.0292088
0.0287868
0.0283113
0.0280674
0.0274936
0.0265634
0.0253129
0.023927
0.0226564
0.0227123
0.0245732
0.0287294
0.0345159
0.0409874
0.0467409
0.0510125
0.0538522
0.0564017
0.0573381
0.0585867
0.0603977
0.0624037
0.0645498
0.06685
0.0691501
0.0714255
0.0735461
0.0754614
0.0769846
0.0780637
0.0785414
0.0783443
0.077413
0.0757396
0.0733689
0.0703721
0.0668636
0.0630068
0.0589403
0.0547938
0.0507231
0.0468183
0.0431397
0.0397842
0.0367099
0.0339726
0.0316101
0.0292906
0.0258428
0.0198229
0.0118391
0.00287585
-0.00680035
-0.0157986
-0.0225218
-0.0245791
-0.0214372
-0.0148723
-0.00556507
0.00205541
0.00718359
0.0100002
0.0108832
0.010568
0.0120536
0.0131418
0.0119464
0.0105099
0.0078218
0.00845928
0.00751164
0.00728678
0.00239796
-0.0106683
-0.0247715
-0.038434
-0.0436389
-0.0436508
-0.037824
-0.0389879
-0.0410777
-0.0399422
-0.0382613
-0.0338795
-0.0245979
-0.0150587
-0.00980165
-0.0101965
-0.015545
-0.0221576
-0.0287402
-0.0330413
-0.0342038
-0.0326114
-0.0286109
-0.0216824
-0.0124204
-0.00554486
0.00359196
0.00386331
0.00790779
0.00162488
-0.00630406
-0.0175511
-0.0282625
-0.0340629
-0.0350737
-0.0292268
-0.0311921
-0.0218949
-0.0225397
-0.0247326
-0.0213265
-0.0166711
-0.0113567
-0.00432037
0.00699912
0.0163768
0.0235316
0.0271374
0.02802
0.0281994
0.0280024
0.0278342
0.0273886
0.0266256
0.0255812
0.0244725
0.0235026
0.023779
0.025729
0.0297335
0.0352134
0.0412322
0.0465591
0.0504897
0.0530668
0.0553587
0.0562209
0.0573761
0.059056
0.0609252
0.0629118
0.0650332
0.0671543
0.0692485
0.0711916
0.0729397
0.0743162
0.0752723
0.0756686
0.0754332
0.0745154
0.0729063
0.0706494
0.0678126
0.0645066
0.0608804
0.0570569
0.0531679
0.049352
0.0456905
0.0422469
0.039103
0.0362227
0.033665
0.0314436
0.029262
0.0260289
0.0203366
0.0128228
0.00442074
-0.00461848
-0.0129972
-0.0191928
-0.0211281
-0.0183343
-0.0121804
-0.00374942
0.00291006
0.0074375
0.00987932
0.0104156
0.0104145
0.0118036
0.0115479
0.0101779
0.00853525
0.00738008
0.0070046
0.00393331
0.0020627
-0.0104273
-0.0227341
-0.0348217
-0.0405307
-0.0391482
-0.03744
-0.0364906
-0.0389513
-0.03718
-0.0363333
-0.036112
-0.034143
-0.031248
-0.0292781
-0.03189
-0.0363665
-0.0423749
-0.0478236
-0.0500983
-0.0496873
-0.04578
-0.0406123
-0.0323331
-0.0227567
-0.00838019
-0.0197683
-0.00152829
-0.00704105
-0.00367169
-0.0109768
-0.0243899
-0.0329237
-0.0452792
-0.0458698
-0.0435779
-0.036379
-0.0409405
-0.0253216
-0.0177518
-0.0195529
-0.021167
-0.0195845
-0.0149227
-0.00935859
-0.000486207
0.00910993
0.0173393
0.0229876
0.025766
0.027012
0.0273617
0.027433
0.0271547
0.0265739
0.0257185
0.0248563
0.0241843
0.0246655
0.0267139
0.030586
0.0357934
0.0414053
0.0463468
0.0499663
0.0523128
0.0543813
0.0551818
0.0562517
0.0578066
0.0595456
0.0613833
0.0633383
0.0652914
0.0672148
0.0689911
0.0705832
0.0718258
0.0726681
0.0729896
0.0727213
0.0718201
0.0702739
0.0681245
0.0654396
0.0623257
0.0589138
0.0553174
0.0516686
0.0480891
0.0446522
0.0414249
0.0384739
0.0357705
0.0333747
0.0312802
0.0292283
0.026196
0.0208101
0.0137325
0.00584329
-0.00260711
-0.010435
-0.0162013
-0.018011
-0.0155557
-0.00977447
-0.00223193
0.00360916
0.00759397
0.00960277
0.0098599
0.0100957
0.0109337
0.00972396
0.00859516
0.00704428
0.00631374
0.00380898
-0.00143286
-0.00798776
-0.0221066
-0.0305968
-0.0376627
-0.0383066
-0.0386687
-0.0423823
-0.055333
-0.0542245
-0.0541498
-0.0612092
-0.0745035
-0.0931304
-0.115758
-0.135397
-0.15146
-0.159511
-0.158567
-0.152592
-0.139559
-0.124325
-0.109891
-0.0989275
-0.0898186
-0.0844696
-0.081753
-0.0836331
-0.0858824
-0.0927012
-0.0985852
-0.103877
-0.107469
-0.104231
-0.0966908
-0.0849973
-0.0690065
-0.0643286
-0.068737
-0.0454461
-0.022778
-0.021667
-0.0173715
-0.0187802
-0.016726
-0.0128058
-0.00611839
0.00260357
0.0110509
0.0180439
0.022498
0.0250714
0.0262782
0.0267893
0.0267645
0.0263973
0.0257362
0.0250957
0.0247114
0.0253907
0.0275418
0.0313015
0.0362655
0.0415145
0.0461086
0.0494468
0.0515925
0.0534713
0.0542214
0.0552136
0.0566493
0.0582637
0.0599626
0.0617632
0.0635601
0.0653241
0.0669448
0.0683909
0.0695118
0.0702493
0.0705015
0.070203
0.0693178
0.0678295
0.0657787
0.0632343
0.0602981
0.0570825
0.0536981
0.0502728
0.0469128
0.0436843
0.0406569
0.0378835
0.0353438
0.0330956
0.0311176
0.0291875
0.0263438
0.0212451
0.0145716
0.00715308
-0.000758716
-0.00809066
-0.0134703
-0.0151478
-0.012884
-0.00764576
-0.000973247
0.00416443
0.00762071
0.00915011
0.00925844
0.00953853
0.00962121
0.00802208
0.00703965
0.00530701
0.00347002
-0.0011723
-0.00789949
-0.0184313
-0.0283795
-0.0346384
-0.0394041
-0.0407584
-0.0486488
-0.0620127
-0.0842069
-0.0816389
-0.0891649
-0.105608
-0.129258
-0.16373
-0.208024
-0.25051
-0.283983
-0.299103
-0.294689
-0.276983
-0.248124
-0.215334
-0.188268
-0.168429
-0.154567
-0.148191
-0.148106
-0.153268
-0.161477
-0.170742
-0.179191
-0.181611
-0.178039
-0.166375
-0.146028
-0.128533
-0.101269
-0.10632
-0.0934719
-0.0731702
-0.0431365
-0.0302819
-0.0192288
-0.0182666
-0.0167551
-0.0145343
-0.00998746
-0.00276034
0.00521704
0.0128287
0.0185347
0.0224061
0.0246528
0.0258262
0.0261841
0.0260693
0.0256371
0.0252059
0.0250924
0.0259671
0.0282238
0.0318949
0.0366399
0.0415669
0.0458489
0.0489356
0.0509087
0.0526296
0.0533382
0.0542605
0.0555841
0.0570801
0.0586497
0.060307
0.0619595
0.0635765
0.065054
0.0663633
0.0673727
0.0680142
0.0682018
0.067874
0.0670005
0.0655628
0.0635998
0.0611823
0.0584062
0.0553687
0.0521813
0.0489629
0.0458065
0.0427718
0.0399304
0.0373225
0.0349362
0.0328241
0.0309551
0.0291407
0.0264711
0.021643
0.0153452
0.00835739
0.000936178
-0.00594647
-0.0109838
-0.0125713
-0.0105899
-0.00580316
6.24805e-05
0.00457676
0.00748241
0.00856806
0.00859057
0.00869203
0.00808642
0.00639065
0.00512936
0.00265724
-0.000862573
-0.00724507
-0.0150423
-0.0262581
-0.0322818
-0.0378806
-0.042664
-0.0498746
-0.0632473
-0.0769082
-0.0891849
-0.0962707
-0.113197
-0.131262
-0.153781
-0.186691
-0.228693
-0.272125
-0.306868
-0.325274
-0.322753
-0.301067
-0.26706
-0.229423
-0.19921
-0.176272
-0.160412
-0.15262
-0.151945
-0.157024
-0.165464
-0.17421
-0.180686
-0.180586
-0.174116
-0.1616
-0.145528
-0.128609
-0.109584
-0.103995
-0.084303
-0.0802639
-0.0653644
-0.0451918
-0.0288313
-0.021262
-0.0179493
-0.0156837
-0.0124796
-0.00685895
0.000198965
0.00776195
0.0142323
0.0191858
0.0224867
0.0244691
0.0253698
0.0255904
0.0254187
0.0251946
0.0253369
0.0264077
0.0287724
0.0323769
0.036926
0.0415699
0.0455716
0.0484371
0.0502637
0.0518557
0.0525273
0.0533873
0.0546067
0.0559903
0.0574387
0.058962
0.0604793
0.06196
0.0633066
0.0644876
0.0653939
0.0659486
0.0660783
0.0657238
0.0648589
0.0634668
0.0615844
0.059282
0.0566496
0.0537743
0.0507698
0.0477406
0.0447718
0.0419161
0.0392467
0.036793
0.03455
0.0325635
0.0307963
0.0290907
0.0265783
0.0220059
0.0160584
0.00946337
0.00248766
-0.00398863
-0.0087245
-0.0102635
-0.00853951
-0.00421991
0.000905075
0.00482933
0.00717475
0.00788916
0.00781494
0.00758874
0.00642892
0.00457618
0.00255587
-0.0010083
-0.00606666
-0.0136498
-0.0220056
-0.0312774
-0.0361604
-0.0421299
-0.0487863
-0.0601334
-0.0701814
-0.0739368
-0.0684999
-0.0816245
-0.0954144
-0.104071
-0.113865
-0.127986
-0.146991
-0.170022
-0.191171
-0.204335
-0.203981
-0.190209
-0.16762
-0.143423
-0.123457
-0.108287
-0.0984898
-0.0949466
-0.0970119
-0.102432
-0.110083
-0.1174
-0.122384
-0.122958
-0.118985
-0.111672
-0.1033
-0.0940799
-0.0812044
-0.0718076
-0.0578745
-0.0666045
-0.0710477
-0.057574
-0.0420635
-0.0290401
-0.0217017
-0.0176467
-0.0145863
-0.0100322
-0.00396477
0.00313512
0.00990957
0.0156241
0.0198753
0.0227089
0.0242743
0.0249318
0.0250735
0.0250701
0.0254541
0.0267217
0.0291997
0.0327576
0.0371336
0.0415301
0.0452816
0.047955
0.049659
0.0511432
0.0517818
0.0525854
0.0537076
0.0549835
0.0563164
0.0577124
0.0591007
0.0604524
0.061679
0.0627402
0.0635505
0.0640282
0.0641092
0.063735
0.0628811
0.0615357
0.0597334
0.0575403
0.0550403
0.052316
0.0494811
0.0466233
0.0438253
0.0411329
0.0386202
0.0363067
0.034194
0.0323208
0.0306476
0.0290416
0.026667
0.0223354
0.0167151
0.0104782
0.00390556
-0.00220473
-0.00667818
-0.0081954
-0.00671667
-0.00287566
0.00156731
0.00491099
0.0067208
0.00713243
0.00690301
0.00624631
0.00460467
0.00234451
-0.000673345
-0.00536599
-0.0116189
-0.0196421
-0.0278236
-0.0353605
-0.0407399
-0.0481952
-0.0561581
-0.062988
-0.0631224
-0.0539282
-0.0372261
-0.0509184
-0.0547151
-0.0550075
-0.0539309
-0.0528316
-0.053677
-0.0584459
-0.0652892
-0.0709162
-0.0716521
-0.0674954
-0.0594356
-0.0509896
-0.0439694
-0.03854
-0.0359341
-0.0367375
-0.0405975
-0.0461509
-0.0525611
-0.0584245
-0.0627741
-0.0648345
-0.0643445
-0.0620631
-0.0595147
-0.0567055
-0.0497818
-0.038421
-0.0353522
-0.0472158
-0.0588151
-0.059821
-0.0514694
-0.0385401
-0.0282231
-0.0213461
-0.0170565
-0.0128278
-0.00750282
-0.000976373
0.00578461
0.0119385
0.0169457
0.020594
0.0228836
0.0240638
0.024577
0.0248388
0.025455
0.0269165
0.0295139
0.0330474
0.037272
0.0414536
0.0449839
0.0474926
0.0490959
0.050489
0.0510967
0.0518478
0.0528784
0.0540508
0.0552728
0.0565477
0.0578134
0.0590415
0.0601574
0.0611081
0.061829
0.0622381
0.0622792
0.0618933
0.0610552
0.0597605
0.0580407
0.0559543
0.0535798
0.0509991
0.0483215
0.0456186
0.0429757
0.0404314
0.0380598
0.0358712
0.0338735
0.0321001
0.0305105
0.0289932
0.0267404
0.022634
0.0173194
0.0114083
0.00519955
-0.000584329
-0.00483004
-0.00634487
-0.00511258
-0.00175012
0.00205587
0.00482565
0.00615333
0.00629886
0.00581521
0.004668
0.00253534
-0.000374637
-0.00444315
-0.01007
-0.0170221
-0.0249524
-0.0327066
-0.0395388
-0.0458554
-0.0524839
-0.0565658
-0.05512
-0.0459427
-0.0319718
-0.0172947
-0.0238575
-0.0226726
-0.0190672
-0.0137371
-0.00733834
-0.00126379
0.00281738
0.00468319
0.00537473
0.00544744
0.00531276
0.00555987
0.00450032
0.0043139
0.00340324
0.00124218
-0.00200677
-0.00666968
-0.0120273
-0.0174975
-0.0224793
-0.0265067
-0.0294406
-0.0310969
-0.0315671
-0.0316276
-0.0313358
-0.0286547
-0.022202
-0.0209449
-0.0308512
-0.043012
-0.0506215
-0.0523775
-0.0452599
-0.0353204
-0.0265637
-0.0204791
-0.0156775
-0.010678
-0.00466549
0.00193459
0.00829901
0.0138425
0.0181951
0.0212136
0.022979
0.0239228
0.0244953
0.025351
0.0270028
0.0297236
0.0332546
0.0373498
0.0413468
0.0446838
0.0470532
0.0485756
0.0498907
0.0504715
0.0511741
0.0521196
0.0531948
0.0543131
0.0554767
0.0566296
0.0577418
0.0587554
0.0596057
0.0602425
0.0605872
0.0605905
0.0601948
0.0593724
0.0581261
0.0564854
0.0544998
0.0522435
0.049799
0.0472661
0.0447047
0.0422045
0.0397964
0.0375533
0.0354764
0.0335809
0.0318961
0.0303801
0.0289411
0.0268
0.0229043
0.0178742
0.0122604
0.00637842
0.000882793
-0.00316535
-0.00469621
-0.00371685
-0.000825678
0.0023761
0.00459354
0.00549138
0.00536061
0.00452899
0.00286158
0.000145394
-0.00356314
-0.0085187
-0.0147551
-0.0220122
-0.029768
-0.0371837
-0.0435215
-0.0486224
-0.0513994
-0.0491733
-0.0409498
-0.0290669
-0.0172791
-0.00953721
-0.0105294
-0.00809323
-0.00398916
0.00125954
0.00727374
0.0134995
0.018989
0.0231811
0.0260638
0.0270002
0.0272412
0.0252133
0.0210493
0.0192458
0.0166226
0.0127372
0.00925902
0.0053185
0.00112941
-0.00297651
-0.00674147
-0.00992437
-0.0125041
-0.0145962
-0.0159642
-0.0168322
-0.0173316
-0.0166322
-0.0143262
-0.0130626
-0.0193903
-0.0291258
-0.0385587
-0.044589
-0.0460195
-0.0400405
-0.0318933
-0.0246373
-0.0188912
-0.0137181
-0.00804046
-0.0016645
0.00478392
0.0106931
0.0156082
0.0192987
0.0216817
0.0231026
0.0240306
0.0251483
0.0269902
0.0298376
0.0333869
0.0373747
0.0412148
0.0443871
0.0466397
0.0480989
0.0493479
0.0499083
0.0505677
0.0514367
0.052425
0.0534513
0.0545164
0.0555699
0.0565768
0.0574956
0.0582545
0.0588109
0.0590909
0.0590506
0.0586381
0.0578236
0.0566156
0.0550416
0.053145
0.0509964
0.0486777
0.0462764
0.0438468
0.0414798
0.0391995
0.0370755
0.0351022
0.0333018
0.0316988
0.03025
0.0288826
0.0268462
0.0231486
0.0183829
0.0130408
0.00744917
0.00220754
-0.0016704
-0.0032384
-0.00251686
-8.68422e-05
0.00253703
0.00423076
0.00473355
0.00429358
0.00304328
0.000797891
-0.00259134
-0.00704145
-0.0126137
-0.0192057
-0.0266104
-0.0340811
-0.0406176
-0.0452059
-0.0471072
-0.0447534
-0.0376047
-0.0274849
-0.0173428
-0.00982556
-0.00589853
-0.00505177
-0.00267728
0.000671642
0.00459104
0.00890005
0.0134436
0.0177352
0.0215119
0.0242635
0.0258705
0.0271107
0.0244675
0.0199383
0.0181594
0.0159761
0.0131632
0.0103206
0.00743652
0.00458818
0.00180226
-0.000770018
-0.00307255
-0.00496889
-0.00672805
-0.00821237
-0.00926389
-0.00996183
-0.0101542
-0.00997615
-0.00889468
-0.0123927
-0.0190363
-0.0275006
-0.0351689
-0.0391684
-0.0396868
-0.0351266
-0.0285505
-0.022335
-0.0167735
-0.0112048
-0.00504766
0.00140331
0.00756846
0.0129253
0.0171936
0.0201872
0.0221205
0.0234374
0.0248474
0.0268918
0.0298643
0.0334508
0.0373544
0.0410638
0.0440985
0.0462551
0.0476667
0.0488604
0.0494032
0.0500249
0.050827
0.0517386
0.0526835
0.0536613
0.0546264
0.0555383
0.0563675
0.0570414
0.0575202
0.0577355
0.0576457
0.0572087
0.0563954
0.0552161
0.0536968
0.0518785
0.0498281
0.0476243
0.0453423
0.0430366
0.0407938
0.038633
0.0366189
0.0347429
0.0330333
0.0315072
0.0301222
0.0288229
0.0268812
0.0233699
0.0188492
0.0137543
0.00841935
0.00340104
-0.000335368
-0.00196066
-0.00149722
0.000479155
0.00254635
0.00375175
0.00387747
0.00308256
0.00134014
-0.00153375
-0.00556491
-0.0105832
-0.0165778
-0.0234506
-0.0307689
-0.037375
-0.0419817
-0.043588
-0.0413858
-0.0351802
-0.0265012
-0.0175198
-0.0104834
-0.00619046
-0.00403426
-0.00286042
-0.000927861
0.00152397
0.00416727
0.00697344
0.0098968
0.0127526
0.0153833
0.0174115
0.0189791
0.0200895
0.0182168
0.0147732
0.0138542
0.0124159
0.0106404
0.00882656
0.00692198
0.00509519
0.00326832
0.00153327
-0.000122169
-0.00154493
-0.0028738
-0.00420298
-0.00528568
-0.00599761
-0.00643946
-0.00709666
-0.00636069
-0.00840287
-0.0124628
-0.0188749
-0.0265105
-0.0328496
-0.0362665
-0.0353824
-0.0311325
-0.0254871
-0.0197859
-0.0142082
-0.00823301
-0.001845
0.00449455
0.0102108
0.014964
0.0185199
0.0209842
0.0227197
0.0244434
0.0267183
0.0298141
0.0334524
0.0372959
0.0408993
0.0438232
0.0459022
0.0472797
0.0484257
0.0489467
0.0495319
0.0502725
0.0511115
0.0519788
0.0528736
0.0537541
0.0545778
0.05532
0.0559137
0.0563188
0.056475
0.0563387
0.0558786
0.0550705
0.0539208
0.0524554
0.0507144
0.0487596
0.0466634
0.0444916
0.0423033
0.0401736
0.0381214
0.0362047
0.0344177
0.0327908
0.0313334
0.0300081
0.0287724
0.0269114
0.0235714
0.0192768
0.0144065
0.00929605
0.0044726
0.000849762
-0.000851248
-0.000644683
0.000881523
0.00241896
0.00316877
0.0029133
0.00170925
-0.000580448
-0.00406317
-0.008624
-0.0140749
-0.0204271
-0.027381
-0.0339831
-0.0387741
-0.0405886
-0.0387455
-0.0334298
-0.025841
-0.0178154
-0.0111541
-0.00686909
-0.00447231
-0.0031922
-0.00216262
-0.000686769
0.00103674
0.0027569
0.0045446
0.00636573
0.0081617
0.00981088
0.011175
0.0122905
0.0130294
0.012498
0.0110303
0.0102244
0.00950298
0.00840308
0.00740759
0.00621431
0.00496002
0.00370588
0.00244815
0.00121619
7.06332e-05
-0.000951595
-0.0020244
-0.00301347
-0.00369552
-0.00409516
-0.00485743
-0.00465585
-0.00605814
-0.00848613
-0.0127036
-0.0188963
-0.0256523
-0.0309881
-0.0332468
-0.0317359
-0.0277241
-0.0225025
-0.0170199
-0.0112095
-0.00494363
0.00148439
0.00749282
0.0126653
0.0167208
0.0197046
0.0218838
0.023936
0.026451
0.029694
0.0333976
0.0372068
0.0407276
0.0435649
0.045583
0.0469381
0.0480384
0.0485348
0.0490801
0.0497586
0.0505233
0.0513114
0.0521235
0.0529195
0.05366
0.0543181
0.0548365
0.0551731
0.0552785
0.0551054
0.0546302
0.0538362
0.0527233
0.0513176
0.0496581
0.0477996
0.0458071
0.0437402
0.0416631
0.0396353
0.0376807
0.0358495
0.0341421
0.032586
0.0311861
0.0299143
0.0287349
0.0269458
0.0237577
0.0196694
0.0150016
0.0100869
0.00543131
0.0018928
0.000101713
5.12102e-05
0.00113175
0.00217106
0.00248382
0.00182986
0.000171939
-0.00267501
-0.00668826
-0.0116784
-0.0175062
-0.024026
-0.0304764
-0.0355411
-0.037843
-0.0366444
-0.0321566
-0.0255064
-0.0182296
-0.0119472
-0.00759423
-0.00510218
-0.00367147
-0.00282357
-0.00205067
-0.000980276
0.000189365
0.0012949
0.00242305
0.00354165
0.00461502
0.00557392
0.00637355
0.00696542
0.00734697
0.00746609
0.00742004
0.00731906
0.00739028
0.00683618
0.00616527
0.0053714
0.00443879
0.00350968
0.00255849
0.00161355
0.000697989
-0.000124997
-0.000946227
-0.00176029
-0.00238894
-0.00273426
-0.00332665
-0.00344322
-0.00454382
-0.00612451
-0.00871875
-0.01311
-0.0189919
-0.0249581
-0.029234
-0.030468
-0.0285503
-0.0245528
-0.0195176
-0.013944
-0.00786311
-0.00143764
0.00478922
0.0103289
0.014831
0.0183027
0.0209383
0.0233383
0.0261135
0.0295097
0.0332928
0.0370938
0.0405548
0.0433275
0.0453006
0.0466415
0.0476979
0.0481773
0.0486787
0.0492952
0.0499876
0.0506989
0.0514327
0.0521479
0.0528118
0.0533908
0.0538393
0.0541109
0.0541682
0.0539626
0.0534732
0.0526914
0.0516129
0.050263
0.0486793
0.0469102
0.045014
0.0430469
0.0410742
0.0391395
0.0372764
0.0355249
0.0338928
0.0323996
0.031051
0.0298286
0.0286999
0.0269881
0.0239338
0.0200319
0.0155451
0.010799
0.00628496
0.00280225
0.000910111
0.000599631
0.00124262
0.00181385
0.00169807
0.000626933
-0.0015105
-0.00487966
-0.0093373
-0.0146971
-0.0207498
-0.0269784
-0.0322552
-0.0351825
-0.0348078
-0.0312045
-0.0253799
-0.0187382
-0.0127468
-0.00837613
-0.00566549
-0.00412677
-0.00315317
-0.00255705
-0.00200622
-0.0012688
-0.000506176
0.000195577
0.000901163
0.00157241
0.00219902
0.00273986
0.00314985
0.00342592
0.00347527
0.00352049
0.00368001
0.00388147
0.00471732
0.00492223
0.00446745
0.00398232
0.00336626
0.00270729
0.00203938
0.00134311
0.000664807
3.09395e-05
-0.000571412
-0.00116811
-0.00168239
-0.00198983
-0.00240805
-0.00263006
-0.00350323
-0.00467182
-0.00633691
-0.00917659
-0.0136771
-0.019207
-0.0243606
-0.0275323
-0.0279468
-0.0255836
-0.021505
-0.0163745
-0.0105612
-0.00423507
0.00212259
0.00797317
0.0128787
0.0168019
0.0198928
0.022656
0.0257053
0.0292688
0.0331456
0.0369625
0.0403865
0.0431148
0.0450573
0.0463909
0.0474078
0.047883
0.0483436
0.0489046
0.0495338
0.0501769
0.0508413
0.0514826
0.0520771
0.0525824
0.0529648
0.0531732
0.0531779
0.0529358
0.0524241
0.0516401
0.0505812
0.0492703
0.047744
0.0460473
0.0442337
0.0423573
0.0404788
0.0386304
0.0368562
0.035183
0.0336267
0.032196
0.0309027
0.0297319
0.0286542
0.0270309
0.0241037
0.0203698
0.0160423
0.0114388
0.00704102
0.00358729
0.0015832
0.0010095
0.00122934
0.00135613
0.000812666
-0.00068746
-0.00329816
-0.00712992
-0.0119776
-0.017606
-0.0235482
-0.0289692
-0.0325174
-0.0330805
-0.0304614
-0.0254572
-0.0193992
-0.0136607
-0.00924719
-0.00636082
-0.00459381
-0.0035063
-0.00276394
-0.00231258
-0.00192152
-0.0014242
-0.0009115
-0.000445034
7.84019e-06
0.000423251
0.000823252
0.00114965
0.0013743
0.00154423
0.00151688
0.00149103
0.00137045
0.00152488
0.00226164
0.00292435
0.00268081
0.00246117
0.00211619
0.00170089
0.00127503
0.000806678
0.000334673
-0.000121108
-0.00055427
-0.000967653
-0.00135427
-0.00163324
-0.00194163
-0.00204661
-0.0026963
-0.00362481
-0.00482042
-0.00665666
-0.00977929
-0.0143128
-0.0194558
-0.0237364
-0.0258965
-0.0254761
-0.0227275
-0.0183762
-0.0129899
-0.0068762
-0.000485172
0.00561985
0.0108918
0.0152246
0.0187571
0.0218949
0.0252289
0.0289792
0.0329626
0.0368188
0.0402294
0.0429301
0.0448558
0.0461879
0.0471718
0.0476439
0.0480694
0.0485807
0.0491523
0.0497323
0.0503313
0.0509016
0.0514295
0.0518649
0.0521837
0.0523339
0.0522862
0.0520076
0.0514737
0.0506809
0.049632
0.0483489
0.0468661
0.0452275
0.0434831
0.0416855
0.0398871
0.0381171
0.0364252
0.0348247
0.0333408
0.0319723
0.0307383
0.029623
0.0286007
0.0270741
0.024271
0.0206876
0.0164993
0.0120147
0.00770518
0.00425546
0.0021328
0.00129098
0.00110366
0.000805
-0.00016238
-0.0020885
-0.00515598
-0.00940159
-0.0145521
-0.0202003
-0.0256374
-0.0297562
-0.0312877
-0.0297232
-0.0256051
-0.0201155
-0.0146005
-0.0101081
-0.00700825
-0.00503307
-0.00375214
-0.00291573
-0.00233291
-0.00197783
-0.00171431
-0.00139212
-0.00105054
-0.000743122
-0.00044801
-0.000163527
0.000123365
0.000353971
0.00052753
0.000681848
0.000718504
0.000748147
0.000598257
0.000750497
0.000785436
0.00159251
0.00144113
0.00131823
0.00109745
0.000839104
0.000566419
0.000265147
-5.18535e-05
-0.000360645
-0.000657238
-0.000924945
-0.00116739
-0.0013831
-0.00162544
-0.0016714
-0.00212068
-0.002852
-0.00379923
-0.00509401
-0.00720687
-0.0106058
-0.0151043
-0.019731
-0.0231445
-0.0243923
-0.0231467
-0.0198521
-0.0150795
-0.0092995
-0.00300118
0.00326827
0.00887678
0.0135908
0.0175446
0.0210634
0.0246921
0.0286447
0.0327525
0.0366699
0.0400876
0.0427772
0.0446994
0.046032
0.0469843
0.0474419
0.0478312
0.0482906
0.0488002
0.0493138
0.0498447
0.0503442
0.0508052
0.0511765
0.0514361
0.0515387
0.0514503
0.0511463
0.0506024
0.0498104
0.0487764
0.0475231
0.0460818
0.0444957
0.042812
0.0410816
0.039349
0.0376482
0.036026
0.0344877
0.0330669
0.0317555
0.0305769
0.0295161
0.0285489
0.0271177
0.0244395
0.0209928
0.0169221
0.0125325
0.00828376
0.00481637
0.00256726
0.00145499
0.000876972
0.000169481
-0.0012152
-0.00356112
-0.00705209
-0.0116541
-0.0169725
-0.0223342
-0.0269087
-0.0293778
-0.028943
-0.025808
-0.0209545
-0.0156996
-0.011136
-0.00780314
-0.00559792
-0.00414662
-0.00314512
-0.00246473
-0.00198747
-0.00169679
-0.00150924
-0.00128153
-0.0010369
-0.000826534
-0.000630639
-0.000417357
-0.000210943
-3.66599e-05
0.00011015
0.000244158
0.000355734
0.000413013
0.000415523
0.000618132
0.000369696
0.000357447
0.000379636
0.000385048
0.000283278
0.000165665
1.72193e-05
-0.000151824
-0.000342096
-0.000541964
-0.000732906
-0.000906859
-0.00105265
-0.00120597
-0.00141852
-0.00135375
-0.00165625
-0.00219821
-0.00295883
-0.00394499
-0.0054049
-0.00781127
-0.0114429
-0.0158253
-0.0199054
-0.0224561
-0.0227275
-0.0206636
-0.0167646
-0.0114827
-0.00538906
0.000952288
0.00685893
0.0119306
0.0162764
0.0201738
0.0241059
0.0282736
0.0325221
0.0365218
0.039966
0.0426598
0.0445886
0.0459217
0.046839
0.047276
0.0476251
0.0480324
0.0484796
0.0489304
0.0493968
0.0498332
0.0502319
0.0505497
0.0507576
0.0508211
0.0507022
0.0503781
0.0498267
0.0490369
0.0480146
0.0467839
0.0453739
0.0438279
0.0421916
0.0405127
0.038833
0.0371925
0.0356272
0.0341468
0.0327849
0.0315317
0.0304085
0.0294038
0.0284921
0.0271691
0.0246156
0.0212915
0.0173191
0.0129983
0.00878185
0.00527613
0.00289116
0.00151183
0.00057128
-0.000531735
-0.00232211
-0.00507789
-0.00897337
-0.0138122
-0.0190101
-0.0237655
-0.0272284
-0.0279506
-0.0258704
-0.0217407
-0.0167829
-0.0121482
-0.00856616
-0.00609238
-0.00444657
-0.00330784
-0.00250783
-0.00198517
-0.00160183
-0.00136805
-0.00124764
-0.00110639
-0.000955912
-0.00082837
-0.000697074
-0.000539076
-0.000399715
-0.000273196
-0.000163083
-7.73239e-05
2.80323e-05
3.27114e-05
8.42258e-05
0.000140998
-0.000198435
-0.000381561
-0.000229992
-0.000189094
-0.00022574
-0.000259679
-0.000333927
-0.00042361
-0.000529177
-0.000650808
-0.000769109
-0.000870264
-0.000931083
-0.000994653
-0.00116586
-0.00111317
-0.00132879
-0.00172436
-0.00233336
-0.0031534
-0.00425516
-0.0059697
-0.00873616
-0.012524
-0.0166744
-0.0200957
-0.0217169
-0.0209856
-0.018058
-0.0133434
-0.00754982
-0.00126808
0.00482773
0.010229
0.0149442
0.0192151
0.0234621
0.0278562
0.0322671
0.0363731
0.0398695
0.0425819
0.0445267
0.0458572
0.0467364
0.0471601
0.0474748
0.0478423
0.0482406
0.0486449
0.0490592
0.0494489
0.049796
0.050071
0.0502348
0.0502599
0.0501085
0.0497549
0.0491797
0.0483732
0.0473398
0.0461048
0.0446983
0.0431642
0.0415493
0.0398992
0.0382559
0.0366629
0.0351447
0.0337241
0.0324246
0.0312416
0.0301875
0.0292548
0.0284125
0.0272275
0.024808
0.0215919
0.0176987
0.0134223
0.00920933
0.00564105
0.00310357
0.00145418
0.000168358
-0.00129766
-0.00346879
-0.00661949
-0.0108724
-0.0158946
-0.0209246
-0.0250758
-0.0267907
-0.0258503
-0.0225725
-0.0180276
-0.0134075
-0.00956987
-0.00680863
-0.0049276
-0.00362866
-0.0027008
-0.00206254
-0.0016344
-0.00131099
-0.00111051
-0.00101964
-0.000922204
-0.000820138
-0.000735484
-0.000646294
-0.000541051
-0.000449173
-0.00036767
-0.000293174
-0.000244729
-0.000169076
-0.000181317
-0.000123112
-0.000143994
-0.000403494
-0.000547564
-0.000417982
-0.000389002
-0.000406598
-0.000409015
-0.000447403
-0.00048853
-0.000547792
-0.000617803
-0.000687423
-0.000752312
-0.000782678
-0.000807132
-0.000951098
-0.000859361
-0.00102799
-0.00130766
-0.0017487
-0.0023993
-0.00326464
-0.00449998
-0.00651129
-0.0095816
-0.0134341
-0.0172563
-0.0198994
-0.0204954
-0.0187678
-0.0149602
-0.00965382
-0.00354315
0.00270451
0.00845432
0.0135754
0.0182312
0.0228025
0.0274432
0.0320365
0.0362663
0.0398183
0.0425515
0.0445124
0.0458352
0.0466843
0.0470868
0.0473716
0.0477068
0.0480616
0.0484285
0.0487961
0.0491476
0.0494524
0.0496906
0.0498199
0.0498112
0.0496305
0.0492478
0.0486459
0.0478158
0.0467604
0.0455076
0.044089
0.0425477
0.0409329
0.0392914
0.0376664
0.0361008
0.034617
0.0332482
0.0320044
0.0308939
0.0299165
0.029071
0.0283169
0.0272845
0.0250215
0.0219065
0.0180681
0.0138118
0.00959636
0.00595964
0.00326256
0.0013491
-0.000278823
-0.00215752
-0.00474565
-0.00827299
-0.0127261
-0.0175829
-0.0219641
-0.0249644
-0.0253583
-0.0231467
-0.019175
-0.0146411
-0.0105654
-0.00747409
-0.00533508
-0.00385386
-0.0027997
-0.00207501
-0.00159457
-0.00126287
-0.00100093
-0.000844713
-0.000810615
-0.000763402
-0.000697584
-0.000643308
-0.000579799
-0.000497878
-0.000422415
-0.000358193
-0.000289228
-0.000240571
-0.000170707
-0.00015416
-8.05027e-05
-0.000106904
-0.000264422
-0.000352767
-0.00030734
-0.000319549
-0.000357642
-0.000373043
-0.000418072
-0.000454098
-0.000502172
-0.000557737
-0.000606451
-0.00064823
-0.00065469
-0.000630465
-0.000708423
-0.000667737
-0.000807122
-0.00102976
-0.00136299
-0.00187325
-0.00259414
-0.00357691
-0.00509743
-0.00752344
-0.0109277
-0.0148249
-0.0182499
-0.0200672
-0.0195095
-0.0163116
-0.0113541
-0.00533434
0.000998201
0.00695272
0.0123286
0.0172643
0.0220859
0.0269608
0.0317479
0.0361181
0.039756
0.04254
0.0445374
0.0458616
0.0466774
0.0470278
0.0472684
0.0475586
0.0478593
0.0481822
0.0485015
0.048814
0.0490856
0.0492939
0.0494033
0.0493779
0.0491861
0.0487961
0.0481889
0.0473537
0.0462937
0.0450353
0.0436116
0.0420647
0.0404453
0.0388028
0.0371832
0.0356272
0.0341647
0.032828
0.0316235
0.0305708
0.029658
0.0288958
0.0282359
0.0273589
0.0252565
0.0222156
0.0183959
0.0141125
0.00984004
0.00611
0.00326011
0.00113596
-0.000727029
-0.00287173
-0.00576618
-0.00964335
-0.0144433
-0.0193404
-0.0234155
-0.025062
-0.0239234
-0.0205874
-0.0162161
-0.011935
-0.00847675
-0.00598937
-0.0042623
-0.00305069
-0.0022098
-0.00164277
-0.00126274
-0.000994371
-0.000790647
-0.000663143
-0.000631328
-0.000583283
-0.000533348
-0.000500502
-0.000457378
-0.00039765
-0.000344001
-0.000293638
-0.000235085
-0.000180524
-0.000117166
-7.65818e-05
2.73021e-05
1.66626e-05
-7.58177e-05
-0.000129656
-0.000164351
-0.000200937
-0.000250199
-0.000280184
-0.000319338
-0.000348707
-0.000381826
-0.000418977
-0.000444626
-0.000467288
-0.000471457
-0.000460948
-0.00053587
-0.000527347
-0.000616968
-0.000756101
-0.000978526
-0.00134648
-0.00189183
-0.00261471
-0.00368202
-0.00545353
-0.00820283
-0.0117236
-0.0153243
-0.0179675
-0.0186144
-0.0171926
-0.0132983
-0.00784327
-0.00157583
0.00468627
0.010528
0.0159504
0.0212202
0.0264877
0.0315464
0.0361136
0.0398538
0.0426666
0.0446582
0.0459472
0.0467002
0.0469863
0.0471742
0.0474151
0.0476706
0.0479553
0.0482434
0.0485278
0.0487818
0.0489748
0.0490762
0.0490466
0.0488515
0.0484592
0.0478468
0.0470027
0.0459318
0.0446569
0.043214
0.0416475
0.0400092
0.0383519
0.0367254
0.0351701
0.0337238
0.0324113
0.0312471
0.0302489
0.029404
0.0287264
0.02817
0.0274726
0.0255666
0.0226575
0.0188882
0.0145715
0.0101929
0.00630637
0.00323285
0.000822832
-0.00142761
-0.0040234
-0.007377
-0.0115741
-0.0162064
-0.0204656
-0.0230304
-0.0232393
-0.0210605
-0.0172876
-0.013058
-0.00929576
-0.00648014
-0.00453683
-0.00320465
-0.0022614
-0.00160901
-0.00120855
-0.000953233
-0.000785719
-0.000645604
-0.000554389
-0.000538124
-0.000489808
-0.000434469
-0.000404042
-0.000367014
-0.00031324
-0.000268347
-0.000223447
-0.000173176
-0.000122973
-7.39871e-05
-2.63976e-05
6.42304e-05
5.30294e-05
-1.04063e-05
-2.97599e-05
-8.22959e-05
-0.000122965
-0.000163281
-0.000197687
-0.000235881
-0.000263132
-0.000291766
-0.000332812
-0.000360079
-0.000383283
-0.000400733
-0.000397499
-0.000439235
-0.000415804
-0.000512852
-0.000637949
-0.000775445
-0.00103774
-0.00148438
-0.00214427
-0.00303572
-0.00441365
-0.00671352
-0.0101184
-0.0141076
-0.017598
-0.019108
-0.0179549
-0.0143557
-0.00889572
-0.00253351
0.00385123
0.00983271
0.0154027
0.0207892
0.0261319
0.0313017
0.0359868
0.0398124
0.0426868
0.0447164
0.0460016
0.0467544
0.0469822
0.0471353
0.0473469
0.0475905
0.047862
0.0481477
0.0484279
0.0486822
0.0488761
0.0489756
0.0489412
0.0487331
0.0483186
0.0476724
0.0467848
0.0456615
0.0443287
0.042825
0.0412015
0.0395134
0.0378181
0.0361684
0.034608
0.0331754
0.0318936
0.0307828
0.0298509
0.0290975
0.0285247
0.0281032
0.0275785
0.0257788
0.0228684
0.0190504
0.0146737
0.0102449
0.00629355
0.00314431
0.000636035
-0.00171892
-0.00446172
-0.00800356
-0.0124495
-0.0173871
-0.021606
-0.0239006
-0.0232735
-0.0200711
-0.0155835
-0.0112051
-0.00775985
-0.00535334
-0.00370112
-0.00252293
-0.00171475
-0.00124226
-0.000976606
-0.000803806
-0.000651291
-0.000512787
-0.000398313
-0.000359281
-0.000305967
-0.000278972
-0.000279089
-0.000248548
-0.000209145
-0.000178973
-0.000149195
-0.000119886
-8.89337e-05
-7.27841e-05
-4.0089e-05
-7.02172e-07
-2.38863e-05
-6.46716e-05
-5.66643e-05
-7.11594e-05
-9.95826e-05
-0.000106973
-0.000124499
-0.00014579
-0.000162715
-0.000175529
-0.000198057
-0.000217099
-0.000212179
-0.000207617
-0.000208495
-0.00028272
-0.000370509
-0.000409542
-0.000483021
-0.000568194
-0.000688224
-0.0009228
-0.00132545
-0.00191735
-0.00279199
-0.00423675
-0.0066567
-0.0100889
-0.0140275
-0.0172205
-0.0183055
-0.0165031
-0.012166
-0.00607806
0.000657824
0.00725655
0.0134639
0.0194397
0.0253452
0.0310225
0.0360871
0.0401292
0.0430749
0.0450676
0.0462749
0.0468814
0.046995
0.0471125
0.0472987
0.0475371
0.0478066
0.0480972
0.0483851
0.0486483
0.0488533
0.0489611
0.0489305
0.0487183
0.0482882
0.0476136
0.0466851
0.0455063
0.0441122
0.0425421
0.040853
0.0391062
0.0373637
0.0356818
0.0341085
0.0326806
0.0314238
0.030357
0.0294844
0.0288143
0.0283455
0.0280772
0.0278657
0.0263847
0.0236711
0.0198476
0.0152631
0.0105215
0.00625597
0.00282968
3.72128e-05
-0.00270819
-0.00599676
-0.0101599
-0.0149929
-0.019524
-0.0223917
-0.022567
-0.0199184
-0.0156846
-0.011289
-0.00769281
-0.00514892
-0.0034691
-0.00232895
-0.0015746
-0.00113912
-0.000896864
-0.000754486
-0.000617125
-0.000513915
-0.000430252
-0.000334856
-0.000251589
-0.00016851
-0.000141907
-0.000130438
-9.80365e-05
-8.10071e-05
-7.10427e-05
-5.97983e-05
-5.69434e-05
-3.78547e-05
-4.0982e-05
-2.23674e-05
1.16103e-05
-5.39255e-06
-2.70251e-05
-1.68237e-05
-3.35252e-05
-5.12083e-05
-4.34639e-05
-5.58815e-05
-5.49591e-05
-6.26541e-05
-6.82016e-05
-7.86371e-05
-0.000107299
-0.000126432
-0.000155566
-0.000217322
-0.00031779
)
;

boundaryField
{
    back
    {
        type            slip;
    }
    cylinder
    {
        type            zeroGradient;
    }
    front
    {
        type            slip;
    }
    inflow
    {
        type            zeroGradient;
    }
    outflow
    {
        type            fixedValue;
        value           uniform 0;
    }
    wall
    {
        type            zeroGradient;
    }
}


// ************************************************************************* //
