/*--------------------------------*- C++ -*----------------------------------*\
| =========                 |                                                 |
| \\      /  F ield         | OpenFOAM: The Open Source CFD Toolbox           |
|  \\    /   O peration     | Version:  3.0.1                                 |
|   \\  /    A nd           | Web:      www.OpenFOAM.org                      |
|    \\/     M anipulation  |                                                 |
\*---------------------------------------------------------------------------*/
FoamFile
{
    version     2.0;
    format      ascii;
    class       volScalarField;
    location    "102.518950122557442";
    object      p;
}
// * * * * * * * * * * * * * * * * * * * * * * * * * * * * * * * * * * * * * //

dimensions      [0 2 -2 0 0 0 0];

internalField   nonuniform List<scalar> 
8400
(
-0.698658
-0.703295
-0.700728
-0.693861
-0.685262
-0.677023
-0.670111
-0.665366
-0.66327
-0.664232
-0.668073
-0.673994
-0.680992
-0.688639
-0.696392
-0.703364
-0.708236
-0.709467
-0.705542
-0.69463
-0.675762
-0.64857
-0.613067
-0.569465
-0.518082
-0.45948
-0.394809
-0.32614
-0.256608
-0.189688
-0.126484
-0.0640433
0.00312372
0.06967
0.137651
0.202832
0.266589
0.325366
0.379918
0.427443
0.46809
0.499959
0.522799
0.535737
0.538403
0.53055
0.512236
0.483953
0.445627
0.398858
0.343095
0.281317
0.212262
0.140021
0.0626325
-0.0149948
-0.0953332
-0.172949
-0.250777
-0.322402
-0.394199
-0.470591
-0.550526
-0.629578
-0.703736
-0.770312
-0.827679
-0.874993
-0.911805
-0.937774
-0.952692
-0.956632
-0.950124
-0.934643
-0.911471
-0.882363
-0.84956
-0.815421
-0.782065
-0.751361
-0.724068
-0.700583
-0.680853
-0.664472
-0.650935
-0.639884
-0.631172
-0.624647
-0.620925
-0.619729
-0.621104
-0.625212
-0.632083
-0.64122
-0.650571
-0.658687
-0.666139
-0.675086
-0.688152
-0.707416
-0.733548
-0.765124
-0.79876
-0.830074
-0.854517
-0.86767
-0.865005
-0.842071
-0.801373
-0.7471
-0.687855
-0.632734
-0.589855
-0.565435
-0.561706
-0.576224
-0.603038
-0.635012
-0.664245
-0.686099
-0.74095
-0.742083
-0.734971
-0.723889
-0.708399
-0.691421
-0.676104
-0.663009
-0.657032
-0.655227
-0.656892
-0.661053
-0.666955
-0.674113
-0.68236
-0.691288
-0.6995
-0.70481
-0.704799
-0.697634
-0.68175
-0.656237
-0.620819
-0.575658
-0.521196
-0.458233
-0.388335
-0.314408
-0.240584
-0.170216
-0.105627
-0.0452866
0.018404
0.0814807
0.146128
0.208589
0.269901
0.326842
0.379778
0.426188
0.465949
0.497301
0.519816
0.532651
0.535408
0.527789
0.509917
0.482216
0.444798
0.399081
0.344911
0.284859
0.218283
0.148677
0.0748921
0.0010385
-0.0746083
-0.14759
-0.220732
-0.2898
-0.363552
-0.44437
-0.529701
-0.615613
-0.696741
-0.769036
-0.830268
-0.879327
-0.915567
-0.93858
-0.948377
-0.945612
-0.931528
-0.907565
-0.876112
-0.840013
-0.80232
-0.765879
-0.732861
-0.704438
-0.680933
-0.66202
-0.646983
-0.634751
-0.624532
-0.615869
-0.608763
-0.603611
-0.599898
-0.597972
-0.598273
-0.601514
-0.607425
-0.6161
-0.626668
-0.637789
-0.649527
-0.662841
-0.678644
-0.697797
-0.720635
-0.746587
-0.774008
-0.800303
-0.82168
-0.833683
-0.834066
-0.825125
-0.8045
-0.773002
-0.733012
-0.691041
-0.655175
-0.632021
-0.625166
-0.634326
-0.655453
-0.682458
-0.709061
-0.730469
-0.803024
-0.8061
-0.796514
-0.779654
-0.756613
-0.730339
-0.703676
-0.680098
-0.662579
-0.652359
-0.648845
-0.650019
-0.653989
-0.659983
-0.667767
-0.676733
-0.685678
-0.692573
-0.694789
-0.689764
-0.675391
-0.650215
-0.613559
-0.56549
-0.506717
-0.438622
-0.363547
-0.285075
-0.207581
-0.134832
-0.0724411
-0.0158538
0.0427275
0.101257
0.160936
0.219376
0.276687
0.330599
0.380739
0.425162
0.463262
0.493573
0.51538
0.527944
0.530794
0.523611
0.506605
0.480063
0.444405
0.400688
0.34943
0.292464
0.230173
0.164881
0.0967824
0.0284011
-0.0405156
-0.107472
-0.173952
-0.238172
-0.309279
-0.393054
-0.483223
-0.575122
-0.662966
-0.741834
-0.808521
-0.861158
-0.89867
-0.920588
-0.927218
-0.919746
-0.900134
-0.871082
-0.836074
-0.798785
-0.76255
-0.729885
-0.702175
-0.679609
-0.661532
-0.646826
-0.634294
-0.623031
-0.612601
-0.603055
-0.594711
-0.587696
-0.581788
-0.576903
-0.574768
-0.575597
-0.579111
-0.585578
-0.595676
-0.610784
-0.631924
-0.659022
-0.6908
-0.725117
-0.76007
-0.794113
-0.825991
-0.854374
-0.877497
-0.893142
-0.898605
-0.891276
-0.875225
-0.849651
-0.81716
-0.781546
-0.748177
-0.722703
-0.709717
-0.711097
-0.725086
-0.746912
-0.770771
-0.791326
-0.788308
-0.806001
-0.811804
-0.810115
-0.796474
-0.773017
-0.74362
-0.712097
-0.683309
-0.66112
-0.647412
-0.641602
-0.64155
-0.645331
-0.651623
-0.659468
-0.667667
-0.674361
-0.676963
-0.672556
-0.65844
-0.632606
-0.594066
-0.542962
-0.480477
-0.408741
-0.330804
-0.250558
-0.172345
-0.100186
-0.0411618
0.0114488
0.0651965
0.119475
0.174543
0.229071
0.282465
0.333249
0.380458
0.42271
0.458953
0.488068
0.509039
0.521284
0.524201
0.517546
0.501561
0.476373
0.442714
0.401255
0.353137
0.299502
0.241517
0.180634
0.117884
0.0547676
-0.00812062
-0.0695335
-0.129911
-0.189087
-0.256163
-0.339217
-0.430306
-0.524312
-0.615415
-0.698382
-0.769191
-0.825038
-0.864169
-0.885883
-0.890696
-0.880401
-0.85786
-0.826888
-0.791839
-0.756787
-0.724833
-0.697682
-0.675778
-0.658421
-0.644407
-0.632352
-0.621231
-0.610372
-0.599603
-0.588892
-0.578427
-0.568491
-0.559666
-0.55181
-0.556433
-0.567937
-0.583546
-0.600609
-0.619732
-0.642123
-0.668514
-0.699222
-0.734006
-0.771905
-0.811459
-0.851075
-0.889166
-0.924096
-0.954072
-0.97678
-0.989335
-0.989731
-0.976049
-0.951709
-0.917864
-0.877103
-0.834081
-0.794335
-0.763087
-0.743574
-0.736196
-0.7392
-0.750404
-0.76798
-0.668966
-0.70665
-0.73956
-0.765422
-0.779789
-0.781364
-0.76709
-0.741413
-0.710657
-0.680583
-0.656196
-0.640202
-0.632547
-0.631215
-0.63417
-0.639681
-0.646136
-0.651623
-0.653593
-0.648948
-0.634572
-0.608023
-0.568085
-0.514997
-0.450358
-0.376867
-0.298015
-0.217813
-0.140607
-0.0705338
-0.015037
0.033583
0.0830922
0.133433
0.184501
0.235429
0.28535
0.333198
0.377724
0.417879
0.452363
0.480293
0.500453
0.512371
0.515364
0.509224
0.494223
0.470376
0.438604
0.399361
0.354145
0.303696
0.249572
0.19279
0.134701
0.0763726
0.018627
-0.0377265
-0.0928356
-0.147061
-0.209946
-0.290433
-0.380253
-0.47402
-0.565818
-0.650303
-0.72296
-0.780272
-0.819908
-0.840974
-0.844231
-0.83215
-0.808381
-0.777608
-0.744627
-0.71337
-0.686311
-0.664294
-0.647079
-0.633456
-0.62225
-0.612193
-0.602882
-0.59394
-0.586021
-0.579301
-0.575225
-0.574231
-0.578809
-0.587253
-0.601806
-0.610659
-0.619867
-0.635618
-0.660253
-0.692095
-0.728314
-0.767191
-0.808075
-0.850437
-0.89351
-0.93625
-0.977322
-1.01506
-1.04732
-1.07136
-1.08459
-1.08498
-1.07078
-1.04333
-1.00281
-0.951716
-0.893356
-0.833086
-0.77643
-0.726766
-0.685302
-0.65408
-0.637868
-0.64269
-0.469365
-0.512919
-0.569368
-0.627156
-0.676985
-0.713676
-0.733025
-0.73409
-0.719096
-0.694051
-0.666691
-0.643232
-0.627362
-0.619161
-0.616977
-0.618835
-0.622668
-0.626323
-0.627152
-0.62191
-0.607215
-0.580308
-0.539762
-0.48583
-0.420359
-0.346412
-0.267756
-0.188537
-0.113199
-0.0457524
0.00636557
0.0511635
0.0968482
0.143561
0.191045
0.238678
0.285475
0.330598
0.372683
0.41085
0.443701
0.470484
0.489881
0.501473
0.504535
0.498878
0.484781
0.462212
0.432166
0.395042
0.352469
0.305
0.254354
0.201326
0.147402
0.0933845
0.0402077
-0.011563
-0.0619528
-0.111502
-0.170399
-0.247678
-0.335139
-0.427498
-0.518645
-0.603046
-0.675856
-0.733098
-0.772075
-0.791879
-0.793623
-0.780417
-0.756475
-0.727137
-0.697089
-0.669872
-0.646983
-0.628675
-0.614344
-0.602689
-0.592897
-0.584044
-0.57653
-0.5702
-0.566724
-0.566038
-0.570604
-0.579414
-0.595196
-0.613938
-0.638934
-0.661099
-0.684114
-0.711098
-0.74158
-0.774264
-0.809075
-0.846815
-0.88791
-0.931703
-0.976622
-1.02071
-1.0619
-1.09815
-1.12784
-1.14732
-1.15478
-1.1486
-1.12755
-1.09084
-1.04051
-0.97745
-0.903174
-0.8217
-0.739395
-0.661103
-0.589515
-0.526235
-0.476796
-0.454495
-0.260014
-0.286599
-0.340976
-0.41445
-0.492995
-0.565237
-0.623141
-0.660958
-0.677159
-0.674791
-0.659546
-0.639041
-0.620494
-0.607386
-0.600235
-0.598009
-0.598759
-0.600251
-0.599712
-0.593765
-0.578833
-0.551913
-0.511361
-0.457365
-0.391894
-0.318248
-0.240423
-0.162755
-0.089756
-0.0251617
0.0237111
0.0650007
0.107193
0.150577
0.194795
0.23939
0.28333
0.325911
0.365747
0.40203
0.43335
0.459016
0.477686
0.48895
0.492068
0.486862
0.473595
0.452239
0.423788
0.388686
0.348545
0.303862
0.256389
0.206815
0.156661
0.106554
0.0574992
0.00986196
-0.0362574
-0.0815721
-0.136654
-0.210453
-0.294966
-0.385213
-0.474953
-0.558387
-0.630371
-0.686629
-0.724267
-0.742539
-0.742985
-0.729263
-0.705726
-0.678601
-0.651811
-0.627749
-0.607741
-0.59163
-0.578619
-0.567626
-0.558186
-0.549945
-0.543672
-0.539497
-0.539281
-0.542188
-0.549856
-0.56014
-0.574712
-0.590135
-0.611846
-0.637983
-0.668447
-0.70369
-0.742645
-0.783692
-0.825783
-0.868512
-0.911562
-0.954323
-0.995818
-1.03472
-1.06937
-1.09789
-1.11836
-1.12878
-1.1273
-1.11254
-1.08375
-1.04085
-0.984447
-0.915114
-0.835098
-0.737391
-0.645305
-0.555944
-0.471011
-0.389401
-0.315564
-0.266423
-0.0990334
-0.101926
-0.131251
-0.190307
-0.272748
-0.364143
-0.451265
-0.524634
-0.577646
-0.608131
-0.618462
-0.614335
-0.6031
-0.591177
-0.582004
-0.57692
-0.575003
-0.574439
-0.572549
-0.565916
-0.550836
-0.524115
-0.483905
-0.43029
-0.365296
-0.292399
-0.215825
-0.140106
-0.069754
-0.00813967
0.0376098
0.0756951
0.114709
0.155036
0.196261
0.238037
0.27934
0.319539
0.357282
0.391776
0.421649
0.446227
0.464192
0.475125
0.478283
0.473494
0.460995
0.440789
0.413833
0.380655
0.342771
0.300692
0.256139
0.209755
0.163035
0.116496
0.0711627
0.0272639
-0.0150185
-0.0565161
-0.107942
-0.178102
-0.259278
-0.346913
-0.434743
-0.516693
-0.587335
-0.642164
-0.678222
-0.69497
-0.694291
-0.679944
-0.658171
-0.633309
-0.609093
-0.587606
-0.569541
-0.554593
-0.541936
-0.530949
-0.521385
-0.513438
-0.507666
-0.504445
-0.503817
-0.505443
-0.509123
-0.513374
-0.518435
-0.523393
-0.533652
-0.552887
-0.580081
-0.613212
-0.649927
-0.688345
-0.727387
-0.766523
-0.805308
-0.843036
-0.878714
-0.911037
-0.938457
-0.959312
-0.971948
-0.974841
-0.966533
-0.94583
-0.912208
-0.86589
-0.807816
-0.740007
-0.665541
-0.588566
-0.506663
-0.423522
-0.341607
-0.256868
-0.182219
-0.120804
-0.00169869
0.0115321
0.00947516
-0.0174725
-0.0768427
-0.162054
-0.258452
-0.352822
-0.435629
-0.499168
-0.540269
-0.561035
-0.566871
-0.565297
-0.559159
-0.554126
-0.551046
-0.549111
-0.546151
-0.538961
-0.52383
-0.497429
-0.457746
-0.404762
-0.340534
-0.268692
-0.193681
-0.120208
-0.0527025
0.00587329
0.0486272
0.0837748
0.119889
0.157402
0.195871
0.235024
0.273869
0.311827
0.347602
0.380399
0.408891
0.432413
0.449687
0.460285
0.463464
0.459057
0.447277
0.428159
0.40262
0.371265
0.33549
0.295847
0.254
0.210571
0.166998
0.123726
0.0817656
0.0412537
0.00242466
-0.0356181
-0.083559
-0.150008
-0.227593
-0.312242
-0.397789
-0.477913
-0.546934
-0.600136
-0.63462
-0.650012
-0.648568
-0.634792
-0.614305
-0.591364
-0.569224
-0.549581
-0.532725
-0.51831
-0.505597
-0.494323
-0.484326
-0.475979
-0.469384
-0.464597
-0.461125
-0.458361
-0.4554
-0.451397
-0.446436
-0.44121
-0.441098
-0.451986
-0.472932
-0.500115
-0.530025
-0.560641
-0.591203
-0.621611
-0.651802
-0.681339
-0.709414
-0.734801
-0.75603
-0.771462
-0.779626
-0.77911
-0.76888
-0.748367
-0.717693
-0.677504
-0.628414
-0.57129
-0.506915
-0.436723
-0.362788
-0.28836
-0.216425
-0.145121
-0.0765698
-0.0136205
0.0408954
0.0629462
0.078203
0.0807515
0.0566829
-0.00106779
-0.0857505
-0.18241
-0.279383
-0.36669
-0.435572
-0.482962
-0.510539
-0.522916
-0.527657
-0.527347
-0.525756
-0.523818
-0.520438
-0.512975
-0.497933
-0.471956
-0.432921
-0.380735
-0.317479
-0.246929
-0.173734
-0.102724
-0.0381793
0.0173538
0.0572444
0.0896933
0.123151
0.158069
0.19399
0.230692
0.267236
0.303075
0.336985
0.368166
0.395335
0.417834
0.434427
0.444685
0.447866
0.443807
0.432704
0.414615
0.390427
0.360797
0.327002
0.289643
0.250319
0.209637
0.16896
0.128685
0.0897918
0.0523578
0.016646
-0.0182653
-0.0628938
-0.125629
-0.199478
-0.280878
-0.36385
-0.441901
-0.509123
-0.560624
-0.593619
-0.607864
-0.605963
-0.592843
-0.573613
-0.552361
-0.531899
-0.513528
-0.497349
-0.483012
-0.469926
-0.458002
-0.447044
-0.437338
-0.428561
-0.420597
-0.412582
-0.404001
-0.394038
-0.382591
-0.37015
-0.358439
-0.352772
-0.358746
-0.375423
-0.398089
-0.422833
-0.4478
-0.472522
-0.497159
-0.52182
-0.546182
-0.56945
-0.590516
-0.608146
-0.621032
-0.628051
-0.628186
-0.620722
-0.604781
-0.579819
-0.545428
-0.501954
-0.450166
-0.391923
-0.329478
-0.265002
-0.200752
-0.138502
-0.0804445
-0.0289433
0.0141135
0.00251835
0.0391636
0.0759959
0.10789
0.117792
0.0978828
0.0417932
-0.0404664
-0.135122
-0.231713
-0.319237
-0.389194
-0.43891
-0.469827
-0.486941
-0.494907
-0.497747
-0.497702
-0.494954
-0.487736
-0.473025
-0.447609
-0.409339
-0.358089
-0.295981
-0.226925
-0.15575
-0.0873569
-0.0258207
0.0267082
0.0638708
0.093835
0.124852
0.157368
0.190927
0.225336
0.259713
0.293541
0.325674
0.35531
0.381207
0.402713
0.418636
0.428546
0.431712
0.427971
0.417508
0.400396
0.377497
0.349498
0.317568
0.282358
0.245396
0.207271
0.169269
0.13175
0.0956587
0.061031
0.0281403
-0.00392591
-0.0454185
-0.104494
-0.174544
-0.252526
-0.332699
-0.408496
-0.473784
-0.523566
-0.555143
-0.568445
-0.56634
-0.553829
-0.535749
-0.515888
-0.496664
-0.479056
-0.4631
-0.448431
-0.434624
-0.421562
-0.408982
-0.396968
-0.384963
-0.372835
-0.359741
-0.345589
-0.329985
-0.313532
-0.297133
-0.283048
-0.27612
-0.280813
-0.295934
-0.316604
-0.339043
-0.361679
-0.384407
-0.407627
-0.431531
-0.455994
-0.480366
-0.503404
-0.523484
-0.539166
-0.549198
-0.55241
-0.547766
-0.534317
-0.511663
-0.480084
-0.440919
-0.395718
-0.346724
-0.29551
-0.243776
-0.192764
-0.144596
-0.100904
-0.0615474
-0.0279011
-0.0568442
-0.0183949
0.0227228
0.0653923
0.110431
0.132648
0.113959
0.0593524
-0.0196602
-0.111287
-0.204969
-0.289405
-0.357097
-0.405912
-0.4377
-0.456318
-0.466006
-0.469864
-0.469081
-0.462874
-0.448875
-0.424225
-0.386863
-0.33669
-0.275889
-0.208503
-0.139517
-0.0738404
-0.0153118
0.0342821
0.0688529
0.0965246
0.125293
0.15558
0.186941
0.219201
0.251536
0.283451
0.313882
0.342034
0.366703
0.387246
0.402509
0.412066
0.415199
0.411749
0.401891
0.385709
0.36404
0.337584
0.307418
0.274233
0.23949
0.203752
0.168225
0.133247
0.0997265
0.0676636
0.037334
0.00785846
-0.0306765
-0.086184
-0.152442
-0.226907
-0.304124
-0.377523
-0.440779
-0.488844
-0.519045
-0.53154
-0.529348
-0.517412
-0.5003
-0.481494
-0.463057
-0.445755
-0.429595
-0.414208
-0.399275
-0.384546
-0.36975
-0.354751
-0.339035
-0.322617
-0.304981
-0.286612
-0.267515
-0.248852
-0.231558
-0.217898
-0.211792
-0.216875
-0.231915
-0.252545
-0.275658
-0.299959
-0.325171
-0.351486
-0.378908
-0.40701
-0.434923
-0.461654
-0.485947
-0.50662
-0.522208
-0.531482
-0.533103
-0.526271
-0.510778
-0.487425
-0.457567
-0.422332
-0.38271
-0.339467
-0.294219
-0.249355
-0.206298
-0.165557
-0.127151
-0.0899867
-0.0786481
-0.0400675
0.000689186
0.044092
0.0885195
0.135722
0.148002
0.121691
0.0638496
-0.0142049
-0.103091
-0.192433
-0.271854
-0.335344
-0.381467
-0.411946
-0.430217
-0.439668
-0.44225
-0.437997
-0.425227
-0.401625
-0.365352
-0.316404
-0.257062
-0.191504
-0.124841
-0.0619387
-0.00638045
0.0403699
0.0724841
0.0980363
0.124726
0.152939
0.18225
0.212494
0.2429
0.272994
0.301792
0.328514
0.351993
0.371602
0.386216
0.395416
0.398501
0.395316
0.386032
0.370734
0.35024
0.325246
0.296748
0.26548
0.232824
0.199314
0.166084
0.133459
0.102304
0.0725909
0.0445947
0.0174824
-0.0182741
-0.0703341
-0.132856
-0.203765
-0.27792
-0.348812
-0.409961
-0.45631
-0.485195
-0.496841
-0.494677
-0.483235
-0.466875
-0.448769
-0.43069
-0.413284
-0.396513
-0.380037
-0.36356
-0.346752
-0.329375
-0.31117
-0.291914
-0.271817
-0.250872
-0.230027
-0.209505
-0.19073
-0.174258
-0.162349
-0.158131
-0.164928
-0.181546
-0.203734
-0.228536
-0.25507
-0.283511
-0.314365
-0.348032
-0.384242
-0.42152
-0.457786
-0.491402
-0.521666
-0.54742
-0.566975
-0.578076
-0.579598
-0.571061
-0.553401
-0.5274
-0.493991
-0.453879
-0.408072
-0.359419
-0.309018
-0.2604
-0.211806
-0.165117
-0.118586
-0.0798723
-0.0309748
0.0154398
0.0558051
0.092394
0.131176
0.161025
0.158187
0.121148
0.059374
-0.0185417
-0.104653
-0.188907
-0.262538
-0.320848
-0.362951
-0.390675
-0.406949
-0.414093
-0.41276
-0.40183
-0.379629
-0.344667
-0.297108
-0.239371
-0.175781
-0.111545
-0.0514433
0.00120783
0.0452214
0.0750128
0.098601
0.123365
0.149646
0.177039
0.205386
0.233971
0.262331
0.289561
0.314903
0.337228
0.355926
0.369902
0.378742
0.381767
0.378825
0.370084
0.355627
0.336253
0.312647
0.285732
0.256279
0.225589
0.194162
0.163067
0.132627
0.103655
0.0761017
0.0502388
0.0252822
-0.00787295
-0.0566222
-0.115501
-0.182857
-0.253896
-0.322196
-0.381183
-0.425828
-0.453446
-0.464326
-0.46208
-0.450998
-0.435146
-0.41738
-0.39927
-0.381381
-0.363631
-0.345723
-0.327369
-0.308284
-0.288269
-0.267136
-0.245032
-0.222314
-0.199503
-0.177676
-0.157167
-0.139384
-0.124254
-0.113968
-0.110538
-0.118098
-0.135851
-0.160816
-0.190529
-0.223623
-0.260661
-0.303046
-0.350474
-0.400348
-0.450109
-0.49918
-0.548045
-0.595348
-0.637776
-0.67162
-0.694235
-0.704254
-0.70137
-0.686004
-0.658251
-0.619062
-0.569417
-0.512271
-0.449601
-0.384992
-0.319136
-0.253515
-0.192964
-0.129302
-0.151665
-0.0668597
0.00198662
0.0541164
0.0933667
0.130071
0.160607
0.174303
0.157177
0.112669
0.0482144
-0.029567
-0.112627
-0.191426
-0.258738
-0.311063
-0.348181
-0.371929
-0.384473
-0.386914
-0.378488
-0.358084
-0.324685
-0.278689
-0.222701
-0.161202
-0.0994717
-0.042171
0.00765418
0.0490472
0.0766483
0.0984135
0.121387
0.145865
0.171462
0.198022
0.224884
0.251594
0.277319
0.30133
0.322532
0.340341
0.353691
0.362172
0.365124
0.362405
0.354178
0.340522
0.322217
0.299926
0.274516
0.246786
0.217947
0.188467
0.159366
0.130959
0.104008
0.0784448
0.0545341
0.0315418
0.000818115
-0.044768
-0.10012
-0.163963
-0.231869
-0.297509
-0.35431
-0.397231
-0.423627
-0.433728
-0.431335
-0.42045
-0.404833
-0.387061
-0.368585
-0.34988
-0.330831
-0.311219
-0.290837
-0.2695
-0.247092
-0.223701
-0.19971
-0.175595
-0.152199
-0.130384
-0.110648
-0.0940766
-0.0799371
-0.0705553
-0.0666287
-0.0774204
-0.102475
-0.135769
-0.173709
-0.217013
-0.26721
-0.323336
-0.382949
-0.444726
-0.509171
-0.576607
-0.645064
-0.710491
-0.769044
-0.817183
-0.852408
-0.872826
-0.877727
-0.866131
-0.83887
-0.79625
-0.740243
-0.67377
-0.600213
-0.523436
-0.444816
-0.370337
-0.295229
-0.233378
-0.287505
-0.186662
-0.0863806
-0.0112236
0.0574336
0.104438
0.141091
0.166849
0.17042
0.145809
0.0973667
0.0310916
-0.0460137
-0.125237
-0.197888
-0.258213
-0.303858
-0.335112
-0.353511
-0.360336
-0.355046
-0.336859
-0.305299
-0.261052
-0.206949
-0.147648
-0.0884812
-0.0339614
0.0131302
0.0520236
0.0775651
0.0976372
0.118943
0.141735
0.165647
0.190522
0.215753
0.240891
0.265175
0.287902
0.308012
0.324953
0.337689
0.34581
0.348681
0.346166
0.338425
0.325531
0.308245
0.287204
0.263225
0.237129
0.210034
0.182379
0.155142
0.128633
0.103556
0.0798305
0.0577047
0.036502
0.00804968
-0.0345258
-0.0864812
-0.146885
-0.211661
-0.27461
-0.3292
-0.370332
-0.395617
-0.404852
-0.402228
-0.391357
-0.375701
-0.357628
-0.338512
-0.318699
-0.298108
-0.276674
-0.254297
-0.230895
-0.206607
-0.181827
-0.156984
-0.13263
-0.109539
-0.0884366
-0.0701154
-0.054955
-0.0426369
-0.0358409
-0.0346504
-0.0527496
-0.082768
-0.119198
-0.163096
-0.21581
-0.275736
-0.339802
-0.405998
-0.474109
-0.54492
-0.618655
-0.693751
-0.766605
-0.832857
-0.888477
-0.930726
-0.958067
-0.969943
-0.959031
-0.937602
-0.900593
-0.850203
-0.788663
-0.719361
-0.645721
-0.571175
-0.50179
-0.437072
-0.391324
-0.363365
-0.292326
-0.203516
-0.129591
-0.0177413
0.0396872
0.0925281
0.133632
0.157705
0.15584
0.127235
0.0760597
0.0087443
-0.0664896
-0.140706
-0.206321
-0.258994
-0.297265
-0.321617
-0.332811
-0.331374
-0.315866
-0.286423
-0.24411
-0.192025
-0.135014
-0.0784492
-0.0266751
0.0177817
0.0542969
0.0779068
0.0964084
0.116156
0.137368
0.1597
0.182987
0.206672
0.230314
0.253215
0.274706
0.293759
0.309851
0.321983
0.329748
0.33253
0.330202
0.32292
0.310751
0.294436
0.274581
0.251966
0.227421
0.201966
0.176023
0.150535
0.1258
0.102466
0.0804337
0.0599377
0.0403693
0.0140404
-0.0256793
-0.0743832
-0.131437
-0.193113
-0.25336
-0.305703
-0.344967
-0.368424
-0.377512
-0.374568
-0.363538
-0.347581
-0.32898
-0.308993
-0.287826
-0.265596
-0.242401
-0.218158
-0.193035
-0.167576
-0.142286
-0.117522
-0.0938672
-0.0720635
-0.0527113
-0.0361739
-0.0230967
-0.0147956
-0.0126079
-0.0149201
-0.0354594
-0.0637442
-0.0989236
-0.142195
-0.193581
-0.250407
-0.309623
-0.370514
-0.433305
-0.498157
-0.564428
-0.630202
-0.692729
-0.748849
-0.795952
-0.831993
-0.855566
-0.865645
-0.861822
-0.844861
-0.815986
-0.77693
-0.729299
-0.674174
-0.61326
-0.550875
-0.495311
-0.453765
-0.420392
-0.307467
-0.291827
-0.256943
-0.19938
-0.11962
-0.0449916
0.0235535
0.0790381
0.12297
0.14344
0.136653
0.103926
0.0501653
-0.0172516
-0.0892203
-0.157157
-0.214901
-0.259238
-0.289323
-0.30532
-0.307568
-0.295068
-0.267994
-0.227795
-0.177851
-0.123207
-0.0692664
-0.0201913
0.0217324
0.055988
0.0777904
0.0948383
0.113132
0.13286
0.153707
0.175496
0.197717
0.219934
0.241511
0.261815
0.279843
0.295107
0.306647
0.314057
0.316745
0.314588
0.307739
0.296259
0.280868
0.262142
0.240826
0.217751
0.193841
0.169507
0.145662
0.122591
0.100874
0.0803981
0.0613927
0.0433253
0.0189819
-0.0180409
-0.0636427
-0.117457
-0.176078
-0.233624
-0.283721
-0.321137
-0.343394
-0.351621
-0.348235
-0.336847
-0.320361
-0.30108
-0.279993
-0.257341
-0.233585
-0.208756
-0.182856
-0.156597
-0.13073
-0.105565
-0.0816218
-0.0597534
-0.0403287
-0.0236268
-0.0106057
-0.00227305
0.00197473
0.0027867
-0.000407903
-0.0174473
-0.037947
-0.0654502
-0.0994903
-0.140244
-0.186846
-0.23756
-0.290614
-0.34482
-0.399095
-0.452254
-0.502699
-0.54864
-0.588229
-0.619862
-0.642407
-0.655267
-0.658149
-0.651218
-0.635287
-0.611806
-0.582351
-0.5478
-0.508291
-0.463245
-0.41386
-0.366095
-0.331471
-0.316119
-0.208244
-0.219369
-0.219032
-0.202326
-0.16215
-0.10434
-0.0407456
0.0210774
0.0755169
0.114063
0.127779
0.11472
0.0773041
0.0212809
-0.0449766
-0.112209
-0.172809
-0.221848
-0.257071
-0.277757
-0.283804
-0.274464
-0.249978
-0.212054
-0.164362
-0.112148
-0.0608376
-0.0144058
0.0250875
0.057198
0.0773108
0.0930165
0.109955
0.128289
0.147736
0.168113
0.188949
0.209811
0.230119
0.249284
0.266323
0.280779
0.291739
0.298799
0.301387
0.299387
0.292947
0.28212
0.267609
0.249957
0.229879
0.208194
0.185739
0.162921
0.140625
0.11911
0.0988905
0.0798441
0.0622098
0.0455294
0.0230387
-0.011445
-0.0540998
-0.104799
-0.160416
-0.215292
-0.263154
-0.298727
-0.319687
-0.327025
-0.323109
-0.311144
-0.294005
-0.273898
-0.251509
-0.227484
-0.202398
-0.176031
-0.148969
-0.122377
-0.0965758
-0.0719774
-0.0498271
-0.0308059
-0.014717
-0.00211159
0.00658136
0.0127691
0.0162745
0.0143997
0.0107875
0.000194724
-0.0148996
-0.0362248
-0.06335
-0.0961612
-0.133793
-0.175109
-0.218633
-0.262659
-0.305544
-0.345765
-0.381767
-0.412325
-0.436283
-0.453047
-0.462333
-0.46415
-0.459161
-0.44816
-0.432333
-0.412502
-0.389781
-0.364885
-0.337602
-0.306818
-0.271954
-0.234909
-0.203754
-0.193593
-0.13312
-0.152036
-0.166555
-0.168311
-0.156307
-0.124933
-0.0801577
-0.0259336
0.0286796
0.0762693
0.105599
0.110808
0.0905216
0.0483259
-0.00911974
-0.0726837
-0.1338
-0.185936
-0.225408
-0.250436
-0.260224
-0.254115
-0.232371
-0.196853
-0.151506
-0.101768
-0.0530802
-0.00922916
0.0279367
0.0580124
0.0765464
0.0910145
0.106695
0.12372
0.141847
0.16089
0.180416
0.19999
0.219084
0.237156
0.253243
0.266914
0.277306
0.28402
0.286505
0.284649
0.278592
0.268386
0.254713
0.238081
0.219182
0.198813
0.177728
0.15634
0.135504
0.115444
0.0966058
0.0788762
0.0625127
0.0471186
0.0263506
-0.00574847
-0.0456158
-0.0933214
-0.14601
-0.198265
-0.243871
-0.277607
-0.297246
-0.303667
-0.299053
-0.286366
-0.268519
-0.247379
-0.223684
-0.198573
-0.172215
-0.144632
-0.117307
-0.0909373
-0.0654457
-0.0422645
-0.0228647
-0.00703631
0.00613176
0.0163913
0.0241296
0.0243371
0.0183503
0.00375881
0.00085719
0.00030876
-0.0114334
-0.0303352
-0.0559464
-0.0869482
-0.120997
-0.156755
-0.191927
-0.225846
-0.256737
-0.28382
-0.305851
-0.322114
-0.332451
-0.336836
-0.335798
-0.329874
-0.319436
-0.305163
-0.288061
-0.269714
-0.250967
-0.232208
-0.213502
-0.1937
-0.171096
-0.146369
-0.125132
-0.119073
-0.0794015
-0.0973367
-0.115848
-0.127968
-0.130586
-0.119202
-0.0944779
-0.0556802
-0.00906612
0.0385434
0.0764592
0.09612
0.0917322
0.0642043
0.0178057
-0.0394444
-0.09872
-0.152272
-0.194887
-0.223681
-0.237017
-0.234115
-0.21519
-0.182175
-0.13924
-0.0920099
-0.0459234
-0.00458376
0.0303565
0.0585048
0.0755638
0.0888894
0.103403
0.119202
0.136085
0.153867
0.172155
0.190507
0.20844
0.225463
0.240636
0.253547
0.263384
0.269756
0.272135
0.270411
0.264716
0.255098
0.242221
0.226561
0.208782
0.189656
0.169864
0.149828
0.130367
0.11166
0.0940961
0.0775873
0.0624093
0.0482076
0.0290348
-0.000830225
-0.0380641
-0.082904
-0.132761
-0.182429
-0.225755
-0.257718
-0.276017
-0.281429
-0.275976
-0.262525
-0.243854
-0.221547
-0.196807
-0.17077
-0.14324
-0.115292
-0.0885071
-0.0625266
-0.038194
-0.0178787
-0.00155335
0.0119482
0.0216084
0.0245701
0.0137529
-0.0110629
-0.0350398
-0.0505838
-0.0357704
-0.0385811
-0.050359
-0.0694458
-0.0951503
-0.124665
-0.156142
-0.186334
-0.214585
-0.238834
-0.259172
-0.27365
-0.282128
-0.28429
-0.280581
-0.271999
-0.259421
-0.244214
-0.227767
-0.210635
-0.193137
-0.175592
-0.159266
-0.144187
-0.129629
-0.115147
-0.100616
-0.0855921
-0.0721996
-0.0685602
-0.040943
-0.0552639
-0.0729178
-0.0885878
-0.0993482
-0.100654
-0.090175
-0.0680122
-0.0337022
0.00733589
0.0466256
0.0751707
0.0839628
0.0702917
0.0359467
-0.0129723
-0.068209
-0.121446
-0.166003
-0.197843
-0.214369
-0.214574
-0.198469
-0.168016
-0.127533
-0.0828245
-0.0393079
-0.000402952
0.0324118
0.0587377
0.0744198
0.0866873
0.100119
0.114775
0.130485
0.147074
0.164191
0.181387
0.198211
0.214229
0.228525
0.240702
0.249998
0.256036
0.258307
0.256702
0.251347
0.242287
0.230166
0.21543
0.198715
0.180764
0.162192
0.143434
0.125266
0.107813
0.0914277
0.0760592
0.0619902
0.0488894
0.0311879
0.00341457
-0.0313327
-0.0734402
-0.120565
-0.167688
-0.208743
-0.23897
-0.255879
-0.260207
-0.253867
-0.239608
-0.219967
-0.196594
-0.171079
-0.144145
-0.116024
-0.0887114
-0.0626871
-0.0376924
-0.0166285
-0.00109882
0.0109326
0.0174108
0.0111405
-0.0141103
-0.0522722
-0.0788736
-0.100008
-0.126556
-0.131009
-0.143906
-0.157825
-0.177285
-0.203375
-0.230884
-0.257646
-0.279854
-0.297546
-0.310514
-0.317263
-0.317055
-0.308961
-0.293601
-0.273014
-0.248788
-0.223437
-0.19754
-0.172647
-0.149536
-0.128786
-0.110111
-0.0940483
-0.081852
-0.0725952
-0.0633706
-0.0525263
-0.0417586
-0.0337535
-0.0326335
-0.0149305
-0.0252413
-0.0394549
-0.0545885
-0.0685342
-0.0774308
-0.0777295
-0.0675503
-0.0459712
-0.0144048
0.0209526
0.0524327
0.0704819
0.0687628
0.046188
0.0066888
-0.0426871
-0.0937863
-0.139108
-0.173237
-0.19249
-0.195614
-0.182258
-0.154381
-0.116367
-0.0741684
-0.0331824
0.00336896
0.0341579
0.0587628
0.073161
0.0844461
0.0968746
0.110467
0.125076
0.140535
0.156544
0.172646
0.188415
0.20347
0.216926
0.228395
0.237166
0.242876
0.245037
0.243542
0.238506
0.229974
0.218573
0.204714
0.189008
0.172166
0.154746
0.137197
0.12024
0.10395
0.0886595
0.0743624
0.0613288
0.0492383
0.0328907
0.00707692
-0.0253244
-0.0648317
-0.109329
-0.153967
-0.192785
-0.221095
-0.236715
-0.239957
-0.23272
-0.217567
-0.19693
-0.172724
-0.146566
-0.119014
-0.091242
-0.0650847
-0.0401708
-0.0183408
-0.00329076
0.00595565
0.00902811
-0.00244977
-0.0316291
-0.0650635
-0.086939
-0.106732
-0.142339
-0.185387
-0.227486
-0.27132
-0.306466
-0.345792
-0.383622
-0.422534
-0.451099
-0.466946
-0.46955
-0.463304
-0.450757
-0.430045
-0.40103
-0.363073
-0.319605
-0.273902
-0.229283
-0.188336
-0.151568
-0.119694
-0.0926402
-0.0703858
-0.0519749
-0.0378181
-0.0290999
-0.0248313
-0.020845
-0.0143604
-0.00826304
-0.00782504
-0.000811818
-0.00659353
-0.015933
-0.027861
-0.0411249
-0.0529446
-0.0598958
-0.0588897
-0.0481822
-0.0268578
0.00192909
0.0316676
0.0544468
0.0619448
0.050023
0.0200633
-0.0223144
-0.0698006
-0.114468
-0.149885
-0.171561
-0.177335
-0.166614
-0.141277
-0.10573
-0.0660087
-0.0275003
0.00677812
0.03564
0.0586228
0.0718254
0.082197
0.0936929
0.106297
0.119875
0.134267
0.149226
0.164296
0.179061
0.193195
0.205846
0.216637
0.2249
0.230288
0.232339
0.230944
0.226207
0.218176
0.207458
0.19443
0.17968
0.163885
0.147555
0.131147
0.115322
0.100109
0.0858428
0.0725548
0.060483
0.0493145
0.0342124
0.0102365
-0.0199536
-0.0569923
-0.0989734
-0.14119
-0.177797
-0.204251
-0.218501
-0.220668
-0.212505
-0.196406
-0.174881
-0.150044
-0.123422
-0.0958822
-0.0692333
-0.044606
-0.0223258
-0.00633558
0.00161086
0.00372605
-0.00534938
-0.0304524
-0.0584499
-0.0764146
-0.0855233
-0.104331
-0.148892
-0.223435
-0.315364
-0.381626
-0.454204
-0.5197
-0.581914
-0.635899
-0.676357
-0.691187
-0.681264
-0.652151
-0.614038
-0.570954
-0.52049
-0.461653
-0.395564
-0.327888
-0.263109
-0.20574
-0.157086
-0.117091
-0.0845265
-0.0585712
-0.0382083
-0.0227562
-0.0121176
-0.00599098
-0.00308531
-0.000550176
0.00277124
0.00359992
0.00538599
0.00325327
-0.00139762
-0.00919534
-0.0192625
-0.0304813
-0.0405878
-0.0453946
-0.0429469
-0.0312532
-0.0102366
0.015261
0.0387027
0.0520145
0.0491079
0.0281411
-0.00683929
-0.0495439
-0.0923969
-0.128134
-0.151728
-0.15982
-0.151589
-0.128724
-0.0956065
-0.0583211
-0.0222217
0.00986498
0.0368945
0.058352
0.0704438
0.0799654
0.0905924
0.102277
0.114893
0.128279
0.142245
0.15634
0.170153
0.183406
0.195288
0.20543
0.213202
0.218278
0.220218
0.218913
0.214457
0.2069
0.196831
0.184591
0.170746
0.155939
0.140638
0.125305
0.110536
0.0963236
0.083021
0.070682
0.0594978
0.049169
0.0352149
0.0129631
-0.015145
-0.0498456
-0.0894247
-0.129278
-0.1637
-0.188351
-0.201222
-0.202326
-0.1932
-0.176174
-0.153931
-0.12866
-0.101928
-0.0751309
-0.0501978
-0.0279309
-0.0102496
-0.00106024
0.00123664
-0.00326308
-0.0219825
-0.0463706
-0.0597221
-0.0640756
-0.0718256
-0.110703
-0.191683
-0.275773
-0.467918
-0.428742
-0.542756
-0.610126
-0.685872
-0.746004
-0.787609
-0.802283
-0.787006
-0.749923
-0.700526
-0.645972
-0.583737
-0.512128
-0.432544
-0.351879
-0.276659
-0.211615
-0.158112
-0.115487
-0.0821244
-0.0567012
-0.0380434
-0.0249384
-0.0167139
-0.0120505
-0.00851575
-0.00441337
0.00152911
0.0059161
0.00923505
0.00916716
0.0069065
0.00306895
-0.00375705
-0.0122268
-0.022409
-0.0303993
-0.0331942
-0.0291454
-0.0161854
0.00379078
0.025373
0.0411351
0.0448732
0.0320477
0.00431536
-0.0330024
-0.0731234
-0.108422
-0.133146
-0.143169
-0.137219
-0.116745
-0.0859879
-0.0510815
-0.0173155
0.0126652
0.0379512
0.0579765
0.0690398
0.0777717
0.0875875
0.0984164
0.110136
0.122577
0.135602
0.148779
0.16169
0.174101
0.18525
0.194771
0.202072
0.206844
0.208673
0.20745
0.203258
0.19615
0.186695
0.1752
0.162212
0.148338
0.134008
0.119686
0.105902
0.0926228
0.0802289
0.0687787
0.058409
0.0488471
0.0359549
0.0153172
-0.0108294
-0.0433284
-0.0806154
-0.118151
-0.150447
-0.173344
-0.184859
-0.184906
-0.174799
-0.156943
-0.134176
-0.108708
-0.0823618
-0.0569766
-0.0343322
-0.0154857
-0.00330271
0.000718591
-0.000375049
-0.0105021
-0.0301418
-0.0414138
-0.0403206
-0.0550566
-0.0941313
-0.134853
-0.266654
-0.33055
-0.3801
-0.429277
-0.497285
-0.557919
-0.617125
-0.6654
-0.697536
-0.710758
-0.702731
-0.675997
-0.634994
-0.584224
-0.524366
-0.455732
-0.381089
-0.306236
-0.237224
-0.177488
-0.127782
-0.0873639
-0.0557253
-0.0320806
-0.0161154
-0.00743054
-0.00442574
-0.00463858
-0.00505813
-0.00451266
-0.002975
0.00410029
-0.00107295
0.00787136
0.00938031
0.00987292
0.00649082
0.00124315
-0.00705299
-0.0161276
-0.0219573
-0.0227357
-0.016737
-0.00302899
0.015249
0.0311728
0.0387941
0.0327769
0.0118753
-0.0198986
-0.0565816
-0.0906789
-0.115903
-0.127476
-0.123541
-0.105352
-0.0768761
-0.0442664
-0.012755
0.0152078
0.0388352
0.0575163
0.0676305
0.0756309
0.0846895
0.0947204
0.105606
0.117162
0.129298
0.141608
0.153666
0.165277
0.175726
0.184654
0.191503
0.195981
0.1977
0.196552
0.192608
0.185925
0.177052
0.166261
0.154082
0.141088
0.127674
0.114302
0.101435
0.0890293
0.0774932
0.0668705
0.0572464
0.0483888
0.0364808
0.0173537
-0.00694833
-0.0373873
-0.0724731
-0.107749
-0.138003
-0.159186
-0.169387
-0.168381
-0.157319
-0.138784
-0.115692
-0.0903341
-0.064911
-0.0414722
-0.0216123
-0.00669618
0.000876363
0.0024098
-0.000208378
-0.0114599
-0.0220852
-0.0218173
-0.0263275
-0.0574509
-0.13759
-0.193585
-0.271248
-0.305695
-0.292807
-0.312649
-0.362742
-0.412816
-0.455267
-0.487098
-0.508537
-0.51975
-0.519104
-0.505958
-0.48068
-0.444458
-0.398867
-0.34666
-0.291785
-0.237697
-0.187089
-0.140618
-0.0985999
-0.0611282
-0.02884
-0.00269865
0.0154706
0.025496
0.0281764
0.0246836
0.0153281
0.00327786
-0.00796148
-0.0114705
-0.0359017
-0.0217299
-0.00281982
0.00640053
0.00837223
0.0077848
0.00408956
-0.00344276
-0.0109464
-0.0146765
-0.0132817
-0.00563008
0.00834049
0.0230671
0.0323848
0.0312997
0.0165263
-0.00977537
-0.0426326
-0.0749275
-0.100035
-0.112787
-0.110604
-0.0945432
-0.0682747
-0.0378587
-0.00851487
0.0175168
0.0395686
0.0569867
0.0662276
0.0735535
0.0819061
0.091192
0.101303
0.11203
0.123328
0.134821
0.146074
0.156923
0.166705
0.175069
0.181486
0.185681
0.187292
0.186211
0.182499
0.176219
0.167895
0.157769
0.146354
0.13419
0.12164
0.109159
0.0971477
0.0855606
0.0748333
0.0649765
0.0560351
0.047828
0.0368331
0.0191205
-0.00345475
-0.0319689
-0.0649351
-0.0980197
-0.126331
-0.145847
-0.15478
-0.152729
-0.140795
-0.121755
-0.0985401
-0.0736518
-0.0496314
-0.0284534
-0.0114845
-3.10017e-05
0.00497479
0.00734392
0.00516426
-0.00178353
-0.00304024
-0.00674951
-0.0323656
-0.0832153
-0.162753
-0.211134
-0.218365
-0.209977
-0.174749
-0.187546
-0.227021
-0.263093
-0.290931
-0.310944
-0.324916
-0.333581
-0.335353
-0.328461
-0.313818
-0.295123
-0.274366
-0.251381
-0.22506
-0.195983
-0.164671
-0.131977
-0.0990203
-0.0666288
-0.036606
-0.010875
0.00844197
0.0195218
0.0243019
0.0252656
0.0228007
0.0103804
-0.00637668
-0.0237264
-0.0277427
-0.0210738
-0.0126452
-0.0020219
0.00542773
0.00770269
0.00847549
0.00560801
-0.00084414
-0.00649229
-0.00788863
-0.0047251
0.00444692
0.0169407
0.0266264
0.0286587
0.0189371
-0.00218534
-0.0310332
-0.0611196
-0.0855795
-0.099106
-0.0984456
-0.0843235
-0.0601785
-0.0318486
-0.00457119
0.0196136
0.0401699
0.0564018
0.0648397
0.0715459
0.0792419
0.0878321
0.0972221
0.107177
0.117685
0.128408
0.138903
0.149029
0.158176
0.166004
0.172009
0.175931
0.177435
0.176415
0.172921
0.167023
0.159217
0.149718
0.139025
0.127643
0.115907
0.104261
0.0930463
0.0822293
0.0722625
0.0631114
0.0547968
0.047194
0.0370456
0.0206573
-0.000308171
-0.0270227
-0.0579544
-0.0889069
-0.115392
-0.133295
-0.141003
-0.137944
-0.125265
-0.105883
-0.0827621
-0.05872
-0.0364196
-0.0174745
-0.00292012
0.0065222
0.0121372
0.0147782
0.0153468
0.0125933
0.0114473
-0.00992704
-0.0541236
-0.116349
-0.161452
-0.169995
-0.147206
-0.123853
-0.10231
-0.11276
-0.138329
-0.160085
-0.172823
-0.180198
-0.187342
-0.196104
-0.204799
-0.211265
-0.21553
-0.217815
-0.217249
-0.212885
-0.204585
-0.192757
-0.177014
-0.158683
-0.137558
-0.115125
-0.092095
-0.0708043
-0.0538319
-0.0408704
-0.0319491
-0.0255155
-0.0210305
-0.021015
-0.0269274
-0.0217279
-0.00427204
0.00459099
0.00415156
0.00615865
0.00699429
0.00818912
0.00946809
0.00985081
0.00682502
0.00126665
-0.00197244
-0.00165673
0.00336055
0.0128288
0.0219163
0.0257024
0.0198213
0.00329341
-0.0215094
-0.0491256
-0.0725512
-0.0864275
-0.0870742
-0.0747035
-0.0525747
-0.0262288
-0.000904304
0.0215181
0.0406548
0.0557732
0.0634736
0.0696114
0.0766984
0.0846393
0.0933593
0.102595
0.112361
0.122358
0.13214
0.141582
0.150126
0.157444
0.163056
0.166717
0.168117
0.167152
0.163863
0.158325
0.151008
0.142099
0.132087
0.121441
0.110472
0.0996076
0.0891358
0.0790438
0.0697898
0.0612865
0.0535505
0.0465113
0.0371449
0.0219971
0.00252741
-0.0225057
-0.0514875
-0.0803654
-0.104802
-0.121481
-0.128023
-0.124027
-0.110749
-0.0911729
-0.0683797
-0.0455269
-0.0250104
-0.00797477
0.00477326
0.0131754
0.0188848
0.0232925
0.0254316
0.0206765
0.010492
-0.0316135
-0.0780954
-0.11789
-0.120706
-0.110824
-0.088814
-0.0696669
-0.0594532
-0.0697106
-0.0874993
-0.101566
-0.11239
-0.123345
-0.135159
-0.146035
-0.155104
-0.16379
-0.173634
-0.18375
-0.193207
-0.201508
-0.209341
-0.216294
-0.222144
-0.226547
-0.229757
-0.232576
-0.235208
-0.237948
-0.235408
-0.222366
-0.196359
-0.160687
-0.124766
-0.0894313
-0.0627391
-0.0312758
-0.0135803
0.0126559
0.0199862
0.0153219
0.0150569
0.0139561
0.0122026
0.0120752
0.011537
0.00776058
0.00386526
0.00239535
0.00435499
0.0106698
0.0184029
0.022962
0.0198228
0.00710809
-0.0138072
-0.0387694
-0.0609141
-0.074756
-0.0764742
-0.0656915
-0.0454505
-0.020989
0.00250032
0.0232472
0.0410375
0.0551096
0.0621335
0.0677511
0.0742748
0.0816101
0.0897074
0.0982762
0.107345
0.116657
0.12577
0.134567
0.142538
0.149372
0.154612
0.158023
0.159321
0.158406
0.155308
0.150112
0.143254
0.1349
0.125531
0.115578
0.10533
0.0951971
0.0854184
0.0760091
0.067421
0.0595117
0.0523124
0.0457992
0.0371508
0.0231682
0.00508197
-0.0183802
-0.0454918
-0.072387
-0.0950976
-0.110389
-0.11582
-0.110981
-0.0972433
-0.0776175
-0.0554095
-0.0339526
-0.0150433
0.00043098
0.0117904
0.0197372
0.0259306
0.0299277
0.0280736
0.0157775
-0.00870583
-0.0481683
-0.0801239
-0.0883746
-0.0826022
-0.0688151
-0.051875
-0.0387269
-0.036862
-0.0524116
-0.0659607
-0.0753751
-0.0829352
-0.0908409
-0.0979868
-0.10332
-0.109265
-0.118522
-0.131295
-0.147049
-0.166167
-0.189154
-0.216294
-0.246599
-0.279504
-0.313971
-0.350828
-0.390616
-0.43331
-0.468972
-0.4835
-0.465981
-0.41622
-0.346846
-0.27026
-0.199831
-0.13505
-0.0847058
-0.0611692
-0.025232
0.0208968
0.0157114
0.0195861
0.020142
0.018002
0.0154171
0.0148024
0.0126539
0.00913615
0.00673579
0.0066642
0.0101848
0.0161097
0.0205204
0.0193895
0.0097235
-0.00767736
-0.0298754
-0.0505803
-0.0640946
-0.0666241
-0.0572804
-0.038797
-0.0161175
0.00565637
0.0248151
0.0413299
0.0544184
0.0608213
0.0659645
0.0719688
0.0787397
0.0862578
0.0942087
0.102624
0.111292
0.119776
0.127965
0.135395
0.141771
0.146657
0.149831
0.15103
0.15016
0.147243
0.142369
0.135941
0.128111
0.119348
0.110047
0.100475
0.0910259
0.0818943
0.073128
0.0651598
0.0577952
0.0510961
0.0450712
0.0370785
0.0241934
0.00737792
-0.0146094
-0.0399246
-0.064933
-0.0860319
-0.099988
-0.104373
-0.098803
-0.0847329
-0.0652113
-0.0438411
-0.0237941
-0.0062196
0.007838
0.0180078
0.0257103
0.0308894
0.031201
0.0222738
0.00342424
-0.0252637
-0.0516072
-0.0642318
-0.0625121
-0.0534149
-0.0432541
-0.0339336
-0.0351643
-0.0457158
-0.0543854
-0.0616019
-0.0621366
-0.0554627
-0.0445605
-0.033941
-0.0302369
-0.0355209
-0.0486822
-0.0683416
-0.0948589
-0.128074
-0.167299
-0.211207
-0.258495
-0.30785
-0.357668
-0.408305
-0.460861
-0.514046
-0.558329
-0.576583
-0.553592
-0.497738
-0.419147
-0.334539
-0.25837
-0.184852
-0.141614
-0.0838154
-0.0581858
-0.00086799
0.00621998
0.0192207
0.0223705
0.0226936
0.0201032
0.0182487
0.0165589
0.0136199
0.0108878
0.00963134
0.0109985
0.0149893
0.018829
0.0188019
0.0115758
-0.00284963
-0.0222987
-0.0414361
-0.0544199
-0.0575105
-0.0494515
-0.0326021
-0.0116051
0.00857731
0.0262349
0.0415418
0.0537067
0.0595389
0.0642501
0.0697775
0.0760227
0.0830014
0.0903806
0.0981859
0.106248
0.114142
0.12176
0.128678
0.134621
0.139171
0.142121
0.143225
0.142396
0.139648
0.135078
0.129055
0.121717
0.113525
0.104837
0.0959009
0.0870889
0.0785623
0.0704016
0.0630086
0.0561445
0.049913
0.0443377
0.0369413
0.02509
0.00943234
-0.0111558
-0.0347483
-0.0579706
-0.0775729
-0.0902539
-0.0936572
-0.0874901
-0.073193
-0.0539593
-0.0336094
-0.0148409
0.0016224
0.0141183
0.0232359
0.0298913
0.0318819
0.0273996
0.0129839
-0.00772959
-0.0302807
-0.0429318
-0.0472593
-0.0433937
-0.0378898
-0.0350198
-0.0427138
-0.0482691
-0.0442746
-0.0717753
-0.0782363
-0.0616084
-0.0355447
-0.00801774
0.00730851
0.0100669
0.00138406
-0.0163983
-0.0413936
-0.0723716
-0.110716
-0.152226
-0.197832
-0.244463
-0.290772
-0.334561
-0.373885
-0.406944
-0.431803
-0.443739
-0.438412
-0.412484
-0.368665
-0.311916
-0.250398
-0.189302
-0.130405
-0.0971919
-0.0400506
-0.0426237
-0.0209472
-0.00110878
0.0135463
0.0211844
0.0245923
0.023828
0.0217714
0.0200747
0.0175169
0.0146632
0.0127273
0.0126506
0.0148757
0.017783
0.0182554
0.0129719
0.000978861
-0.015897
-0.0333686
-0.0456782
-0.0491216
-0.0421878
-0.0268445
-0.00744169
0.011273
0.0275197
0.0416817
0.0529809
0.0582887
0.0626062
0.0676975
0.073454
0.0799295
0.0867796
0.0940162
0.101509
0.10885
0.115932
0.122367
0.127901
0.132136
0.134872
0.135887
0.135095
0.132507
0.128225
0.12258
0.115706
0.108052
0.0999382
0.0915976
0.0833801
0.0754204
0.0678295
0.0609689
0.0545662
0.0487725
0.0436081
0.036754
0.0258696
0.0112614
-0.00798337
-0.0299346
-0.0514753
-0.0696931
-0.0811523
-0.0836581
-0.0770309
-0.0625907
-0.0438679
-0.0246291
-0.00693418
0.00857257
0.0189485
0.026942
0.0312525
0.0293558
0.020791
0.00467956
-0.0137784
-0.0279445
-0.0336945
-0.0336561
-0.0293652
-0.0242579
-0.0174079
-0.0111407
-0.0160828
-0.0219245
-0.0637201
-0.0740397
-0.0675753
-0.0412604
-0.0175024
-0.00475088
-0.00579011
-0.0181013
-0.0383269
-0.0633941
-0.0902685
-0.120073
-0.152352
-0.186862
-0.221446
-0.254636
-0.284247
-0.307399
-0.321333
-0.324434
-0.315517
-0.29388
-0.26226
-0.224452
-0.182313
-0.139002
-0.0968182
-0.0558446
-0.0258691
-0.00725323
-0.0146191
-0.0194688
-0.00370545
0.00711129
0.0175208
0.0233499
0.0255599
0.0244797
0.0229928
0.0209118
0.0181178
0.0157227
0.0146929
0.0155217
0.0174016
0.0179032
0.0138869
0.00406659
-0.0105065
-0.0262849
-0.0378133
-0.0414278
-0.0354742
-0.0215043
-0.00361032
0.0137508
0.0286805
0.0417573
0.0522478
0.0570733
0.0610316
0.0657256
0.0710295
0.0770348
0.0833946
0.0901017
0.0970608
0.103884
0.110464
0.116444
0.121593
0.125529
0.128066
0.128995
0.128238
0.125802
0.121789
0.1165
0.110064
0.102916
0.0953394
0.0875555
0.0798925
0.0724652
0.0654098
0.0590409
0.0530657
0.0476828
0.0428931
0.0365338
0.0265398
0.0128849
-0.00506068
-0.0254615
-0.045425
-0.062367
-0.0726462
-0.0743758
-0.0673915
-0.0529
-0.0349251
-0.016864
-0.000481111
0.0120622
0.0224179
0.028779
0.0298647
0.0249218
0.0138933
-0.000882562
-0.0147813
-0.0217682
-0.0226295
-0.0182045
-0.00541097
0.0136925
0.0276575
0.0395952
0.0429242
0.0237453
-0.0219862
-0.0654615
-0.0943715
-0.0917753
-0.0827059
-0.0763604
-0.0762763
-0.0836634
-0.0954848
-0.110003
-0.124606
-0.140006
-0.15687
-0.174462
-0.191099
-0.205852
-0.217951
-0.225643
-0.227283
-0.221962
-0.209997
-0.191122
-0.164325
-0.133349
-0.101113
-0.0689634
-0.0363268
-0.00787481
0.00488251
0.0188636
0.00864332
-0.00386688
-0.00157867
0.00492197
0.0135401
0.0201572
0.0248358
0.0258307
0.0249841
0.0235464
0.021155
0.0185583
0.0168724
0.0166436
0.0175649
0.0178537
0.0147446
0.00658888
-0.00595794
-0.020081
-0.0307699
-0.0343931
-0.02929
-0.0165646
-9.12792e-05
0.0160172
0.0297273
0.0417757
0.0515136
0.0558955
0.0595251
0.0638586
0.068745
0.0743114
0.0802161
0.0864305
0.0928899
0.0992296
0.105339
0.110892
0.115678
0.119333
0.121683
0.122531
0.121806
0.119512
0.115754
0.110797
0.104773
0.0981001
0.0910269
0.0837634
0.0766184
0.0696922
0.0631393
0.057224
0.051647
0.0466506
0.042205
0.0362991
0.027107
0.0143274
-0.00236329
-0.0213104
-0.039801
-0.0555605
-0.0647054
-0.0658203
-0.0585097
-0.0441123
-0.027081
-0.0101841
0.00486131
0.0164547
0.0248983
0.0286841
0.026834
0.0199506
0.00859532
-0.00324427
-0.0114018
-0.0125096
-0.00727449
0.00684353
0.0265994
0.0427848
0.0579107
0.0564558
0.0314971
-0.0265475
-0.0477576
-0.108025
-0.159125
-0.187122
-0.194318
-0.190315
-0.181496
-0.173455
-0.168115
-0.16359
-0.158739
-0.153237
-0.148292
-0.143315
-0.137815
-0.131842
-0.125648
-0.119745
-0.113287
-0.105215
-0.09446
-0.0845445
-0.0762665
-0.0682494
-0.0589599
-0.0443127
-0.0224535
0.00873202
0.0316862
0.0441197
0.0330192
0.0155722
0.0074614
0.00767563
0.0117091
0.0175485
0.0223296
0.0255865
0.0258344
0.0252586
0.0235216
0.0210895
0.019038
0.0180591
0.0181082
0.0180613
0.0155518
0.00867167
-0.00211295
-0.0146413
-0.0244832
-0.0279876
-0.0236067
-0.0120094
0.00313602
0.0180785
0.0306689
0.0417439
0.0507841
0.0547582
0.0580857
0.0620925
0.0665961
0.0717536
0.0772358
0.0829919
0.0889841
0.0948728
0.100545
0.105695
0.110139
0.113529
0.115703
0.116474
0.115778
0.113617
0.110097
0.105453
0.0998171
0.0935896
0.0869861
0.0802093
0.0735493
0.0670957
0.0610133
0.0555157
0.0503122
0.0456811
0.0415543
0.036066
0.0275796
0.0156161
0.000124619
-0.0174603
-0.0345905
-0.0492262
-0.0573161
-0.0579897
-0.0503109
-0.0362437
-0.0202668
-0.0044349
0.00926501
0.0194484
0.0258368
0.0270372
0.0233051
0.0155791
0.00575042
-0.00205449
-0.00428022
0.00106324
0.0136489
0.0311107
0.0468666
0.0516182
0.0551744
0.0136142
-0.0316726
-0.0919383
-0.106636
-0.165354
-0.21457
-0.250181
-0.262252
-0.260802
-0.253988
-0.244718
-0.234733
-0.221399
-0.203322
-0.179805
-0.152848
-0.124075
-0.0963323
-0.0719898
-0.0528261
-0.0394431
-0.0325114
-0.0316444
-0.0347057
-0.0370811
-0.0397829
-0.0434196
-0.0495411
-0.0478759
-0.0296255
0.00420838
0.0486044
0.0537264
0.062428
0.0527472
0.0319093
0.0176818
0.0146152
0.0171289
0.0202043
0.0241183
0.0256527
0.0256633
0.024983
0.0231248
0.0209914
0.0195849
0.0189474
0.0184472
0.0163385
0.0105096
0.00113953
-0.0098735
-0.0188843
-0.0221796
-0.018394
-0.00782399
0.00609525
0.0199405
0.0315129
0.0416697
0.0500633
0.0536628
0.056712
0.0604225
0.0645768
0.0693547
0.0744451
0.0797756
0.0853309
0.0907991
0.0960634
0.100838
0.104958
0.108099
0.110106
0.110804
0.110133
0.108097
0.1048
0.100447
0.0951785
0.0893677
0.0832027
0.0768819
0.0706772
0.064669
0.0590255
0.053913
0.0490619
0.0447769
0.0409478
0.0358449
0.0279707
0.0167767
0.00241465
-0.0138894
-0.0297813
-0.0433109
-0.0504867
-0.050831
-0.0427577
-0.0293403
-0.0143792
0.000499837
0.0126731
0.0212007
0.0254415
0.024674
0.0200747
0.0127065
0.00576791
0.00257218
0.00634242
0.0168463
0.031124
0.0444915
0.0489027
0.0388277
0.0182246
-0.0282404
-0.0547612
-0.0615589
-0.0816645
-0.120801
-0.160146
-0.198299
-0.229437
-0.252304
-0.267406
-0.273839
-0.269916
-0.256071
-0.232852
-0.20167
-0.166441
-0.130799
-0.098645
-0.0716727
-0.0526686
-0.0403142
-0.0358054
-0.0366753
-0.0421439
-0.0460159
-0.0470687
-0.0498909
-0.053043
-0.0526981
-0.0332989
0.00104358
0.0418068
0.0436761
0.0668212
0.0662226
0.0575014
0.0406154
0.0245077
0.0203488
0.0204152
0.0225784
0.024937
0.0256324
0.025614
0.0245606
0.0226286
0.0209964
0.0199724
0.0190041
0.0170689
0.0121633
0.00391883
-0.00571362
-0.013896
-0.0169362
-0.0136204
-0.00399364
0.00880541
0.0216141
0.0322642
0.0415611
0.0493532
0.0526099
0.0554019
0.058843
0.0626794
0.0671057
0.0718333
0.0767696
0.0819165
0.086992
0.0918775
0.0963007
0.100117
0.103022
0.104872
0.105501
0.104852
0.102932
0.0998426
0.0957641
0.0908414
0.0854195
0.0796639
0.0737713
0.0679942
0.0624048
0.057169
0.0524119
0.047895
0.043938
0.0403869
0.0356399
0.028297
0.0178301
0.00451774
-0.0105783
-0.0253518
-0.0377773
-0.044224
-0.0442449
-0.0358808
-0.0233904
-0.00923581
0.00463587
0.015077
0.0219238
0.0241755
0.0223556
0.0175662
0.0116459
0.00823991
0.00980588
0.0179692
0.0296895
0.0398694
0.0436249
0.0342542
0.0166224
-0.0107556
-0.0280678
-0.0286503
-0.0130988
-0.0285648
-0.0522052
-0.0782083
-0.104067
-0.127706
-0.149316
-0.167146
-0.175991
-0.175251
-0.167559
-0.15432
-0.137954
-0.1209
-0.106486
-0.0968845
-0.0925878
-0.093876
-0.0981748
-0.103454
-0.106206
-0.10545
-0.0977473
-0.0844008
-0.069582
-0.0565401
-0.0451046
-0.0253164
0.00417505
0.0232449
-0.000639163
0.0371178
0.0595686
0.0614918
0.0556674
0.041546
0.0286612
0.0238779
0.0227034
0.0241382
0.0252303
0.0255781
0.0253319
0.0239303
0.0221884
0.0209835
0.0197276
0.0177442
0.0136293
0.00634238
-0.00210366
-0.0094445
-0.0122239
-0.00925809
-0.000498356
0.0112793
0.0231129
0.0329274
0.0414249
0.0486545
0.051599
0.0541529
0.0573479
0.060895
0.0649953
0.0693875
0.0739596
0.0787247
0.0834324
0.0879656
0.0920616
0.0955933
0.0982764
0.0999789
0.100543
0.0999153
0.0981052
0.0952098
0.0913885
0.0867919
0.0817326
0.0763594
0.070869
0.0654928
0.0602951
0.0554368
0.0510083
0.0468087
0.043161
0.0398685
0.0354493
0.0285741
0.0187909
0.00644854
-0.00751311
-0.0212694
-0.0326146
-0.0385114
-0.0381372
-0.0297364
-0.0182758
-0.00472636
0.00771068
0.0165753
0.0218882
0.0226433
0.0204931
0.0159876
0.0126173
0.0126159
0.017843
0.0275676
0.0353817
0.038227
0.0324547
0.0165506
-2.91649e-05
-0.0170573
-0.0132171
-0.00506534
0.00967995
0.00167159
-0.0110889
-0.0192717
-0.0232195
-0.0279635
-0.032572
-0.031636
-0.0234381
-0.0145094
-0.00774982
-0.0075731
-0.0148573
-0.0298511
-0.0528472
-0.0827957
-0.119667
-0.159626
-0.197827
-0.225771
-0.238236
-0.233701
-0.212944
-0.181074
-0.143943
-0.114281
-0.0962981
-0.0901749
-0.0272504
-0.0536364
-0.0415025
-0.0078488
0.0295704
0.0484291
0.0558013
0.0513019
0.0402157
0.0306957
0.0256538
0.0243982
0.0248559
0.0253411
0.025225
0.0247407
0.0231678
0.0218215
0.020522
0.018418
0.0148823
0.00849704
0.00102987
-0.00548353
-0.00799608
-0.00528774
0.00268585
0.0135311
0.0244495
0.0335072
0.0412665
0.0479671
0.0506291
0.0529632
0.0559319
0.059215
0.0630121
0.0670934
0.0713298
0.0757389
0.0801012
0.0843062
0.0880983
0.0913653
0.0938416
0.0954065
0.0959112
0.0953045
0.0935992
0.0908865
0.0873069
0.0830168
0.0782952
0.0732795
0.0681664
0.0631647
0.0583315
0.0538218
0.0496981
0.0457993
0.0424403
0.039385
0.0352665
0.028814
0.0196699
0.00822324
-0.00468521
-0.0174977
-0.0278331
-0.0333065
-0.0324557
-0.0243597
-0.0138213
-0.000829833
0.0100388
0.0174815
0.0213732
0.021358
0.0193743
0.0162621
0.0148799
0.0175429
0.0242515
0.0308348
0.0339491
0.0302023
0.018449
0.00408455
-0.00686297
-0.0103587
-0.000815746
0.00629432
0.0101885
-0.00511155
-0.0102143
-0.00541833
0.000382281
0.00802298
0.0202505
0.0351007
0.0465128
0.051629
0.0506706
0.0419757
0.0262761
0.0039585
-0.0352984
-0.0747931
-0.123992
-0.178503
-0.233411
-0.276471
-0.300268
-0.30129
-0.282733
-0.245957
-0.201755
-0.168341
-0.14037
-0.112322
-0.0793781
-0.0682213
-0.0497738
-0.0337688
-0.00591876
0.0230098
0.0414683
0.048682
0.0453419
0.0375539
0.0304069
0.0264556
0.0251186
0.0252558
0.0250737
0.0250389
0.0239619
0.0224603
0.0212342
0.0191188
0.0159372
0.0104104
0.00379913
-0.00197235
-0.00420775
-0.0016877
0.00557876
0.0155749
0.0256386
0.0340071
0.0410903
0.0472899
0.0496994
0.0518314
0.0545912
0.0576326
0.0611467
0.0649385
0.0688661
0.0729449
0.0769833
0.0808817
0.0843918
0.0874138
0.0896988
0.0911362
0.0915871
0.0910025
0.0893979
0.0868569
0.0835047
0.0795019
0.0750946
0.0704133
0.0656534
0.0609997
0.0565048
0.0523167
0.0484769
0.044862
0.0417688
0.0389271
0.0350845
0.029026
0.020476
0.00985481
-0.00208652
-0.014005
-0.0234467
-0.0285375
-0.0272177
-0.019705
-0.00984873
0.00239215
0.0116312
0.0180685
0.0206405
0.0205337
0.0187654
0.0166967
0.0175565
0.0217309
0.0273267
0.0306143
0.0280219
0.0199913
0.00766961
-0.000925881
-0.00325191
0.00517741
0.0119082
0.00640841
0.0010726
-0.0151494
-0.0195524
-0.0157903
-0.0114346
-0.00532501
0.00695449
0.0205485
0.0301339
0.0351995
0.0329095
0.0259312
0.0132117
-0.00143098
-0.0198273
-0.0400402
-0.0641691
-0.0928713
-0.123704
-0.151678
-0.17192
-0.180984
-0.179081
-0.164311
-0.140947
-0.116165
-0.095252
-0.0757231
-0.0550864
-0.0482942
-0.0343439
-0.0366523
-0.0276387
-0.00368813
0.0197667
0.0363583
0.042295
0.0403223
0.0343463
0.0294456
0.0263084
0.0255068
0.025017
0.0248056
0.0245018
0.0229783
0.0217522
0.0198003
0.0168508
0.0120721
0.00622452
0.00113873
-0.000821544
0.00156438
0.0082022
0.0174219
0.0266944
0.0344312
0.0408987
0.0466228
0.0488085
0.0507566
0.0533233
0.0561439
0.059394
0.0629152
0.0665589
0.0703335
0.0740697
0.0776817
0.0809297
0.0837252
0.085834
0.0871529
0.0875547
0.0869926
0.0854839
0.0831035
0.0799645
0.0762303
0.0721155
0.0677475
0.0633172
0.058986
0.0548048
0.0509144
0.0473398
0.0439914
0.0411399
0.038489
0.0349
0.0292162
0.0212144
0.0113549
0.000297328
-0.0107713
-0.0194484
-0.0241359
-0.0224726
-0.0156535
-0.00627121
0.00485381
0.0127963
0.0183848
0.0199377
0.0201338
0.0184347
0.0177111
0.0201862
0.024279
0.0275175
0.0263968
0.0203011
0.0113743
0.00356762
0.00393575
0.0102454
0.014875
0.0138411
0.00321406
-0.00300552
-0.0118077
-0.017302
-0.0208534
-0.0262393
-0.030439
-0.0282764
-0.0206916
-0.0119611
-0.00520579
-0.00423675
-0.00656495
-0.0119571
-0.017826
-0.0229396
-0.0262396
-0.0277182
-0.0281167
-0.0283766
-0.0290869
-0.0315097
-0.0353766
-0.0402125
-0.0450576
-0.045618
-0.0416963
-0.0357464
-0.0326237
-0.0267
-0.0185193
-0.0158698
-0.021796
-0.0278875
-0.020202
-0.00170554
0.0191684
0.0318551
0.037301
0.0355485
0.0318439
0.0280864
0.0259781
0.0253543
0.0245664
0.0246495
0.0234133
0.0221078
0.0203666
0.0176584
0.0134982
0.00833307
0.00389327
0.00220044
0.00448958
0.0105775
0.0190835
0.0276292
0.0347841
0.0406929
0.0459664
0.0479557
0.0497384
0.0521271
0.0547468
0.0577526
0.0610206
0.064403
0.0678991
0.0713559
0.0747007
0.077705
0.08029
0.0822357
0.0834435
0.083799
0.0832581
0.0818391
0.0796074
0.076668
0.0731842
0.069342
0.0652675
0.0611443
0.057112
0.0532226
0.0496083
0.0462821
0.0431821
0.0405488
0.0380694
0.0347142
0.0293876
0.0218876
0.0127363
0.00248119
-0.0077862
-0.0158024
-0.0200724
-0.0182362
-0.0120952
-0.00310652
0.00672839
0.013722
0.0183375
0.0195149
0.0198698
0.0181828
0.0190994
0.0220311
0.0244771
0.0248501
0.0203376
0.0138822
0.00792976
0.00752108
0.0115204
0.0140302
0.0138651
0.00549231
-0.0111826
-0.0330308
-0.0278027
-0.0416527
-0.0525949
-0.0727101
-0.0933767
-0.109979
-0.110807
-0.0971159
-0.0795401
-0.0645909
-0.0561457
-0.0513494
-0.0502748
-0.0502282
-0.0505798
-0.0501902
-0.0487846
-0.0465412
-0.0434984
-0.0387284
-0.0385243
-0.0369506
-0.0382631
-0.0381407
-0.0341792
-0.0275973
-0.0216319
-0.0203079
-0.0122217
-0.0216691
-0.0179144
-0.0189148
-0.0214106
-0.0152337
0.00190449
0.0177147
0.0290757
0.0327698
0.032144
0.0295451
0.0264631
0.0256953
0.02463
0.0244289
0.0236813
0.0223764
0.0207819
0.018344
0.014723
0.0101645
0.00631659
0.00489518
0.00711085
0.0127224
0.0205718
0.0284548
0.0350703
0.040474
0.0453226
0.0471408
0.0487761
0.0510014
0.0534397
0.0562213
0.0592534
0.0623946
0.065636
0.0688358
0.0719324
0.0747094
0.0770974
0.0788911
0.079994
0.080305
0.0797828
0.0784463
0.0763519
0.0735996
0.0703492
0.0667615
0.0629621
0.0591246
0.0553695
0.0517517
0.048394
0.0452998
0.0424297
0.0399922
0.0376692
0.0345308
0.0295392
0.0225016
0.0140086
0.00447563
-0.00503456
-0.0124745
-0.0163416
-0.0144789
-0.00894883
-0.00039533
0.0082894
0.0144461
0.0181266
0.0194439
0.0192933
0.018144
0.0203452
0.0221867
0.0228653
0.0205039
0.0151307
0.0110556
0.00933167
0.0112498
0.013126
0.00996131
0.00254489
-0.0164853
-0.0354705
-0.0571481
-0.0579876
-0.0737138
-0.0886206
-0.119109
-0.149017
-0.171839
-0.174682
-0.156541
-0.131187
-0.10817
-0.0925901
-0.0821863
-0.0778308
-0.0760953
-0.0766393
-0.0787256
-0.0808004
-0.0818958
-0.0790848
-0.0777073
-0.0716362
-0.0682835
-0.0639777
-0.0600968
-0.0546439
-0.0479051
-0.0388365
-0.0334708
-0.0306737
-0.0308478
-0.0238471
-0.0195993
-0.0167219
-0.0167269
-0.00964207
0.00428112
0.0177072
0.0264751
0.0293786
0.0294964
0.0268649
0.0257619
0.0248231
0.0242685
0.0237209
0.0225551
0.0210789
0.018896
0.0157568
0.0117543
0.00843886
0.00729451
0.00944925
0.0146537
0.0218998
0.0291804
0.0352958
0.0402433
0.0446952
0.0463645
0.047869
0.0499442
0.0522187
0.0547963
0.0576091
0.0605262
0.0635333
0.0664966
0.0693629
0.0719283
0.0741309
0.0757825
0.0767871
0.0770562
0.0765511
0.0752906
0.0733243
0.0707491
0.0677167
0.0643668
0.0608251
0.0572529
0.0537548
0.0503897
0.0472693
0.0443898
0.0417308
0.0394687
0.0372896
0.0343527
0.0296699
0.0230647
0.0151752
0.00629638
-0.00250445
-0.00944374
-0.0129319
-0.0111573
-0.00614138
0.00189494
0.00956649
0.014946
0.0180015
0.0193734
0.0186533
0.0185783
0.0206864
0.0207967
0.0201602
0.0159875
0.0125816
0.0107526
0.00994356
0.0110603
0.00772688
-0.00212594
-0.0166947
-0.0351342
-0.047871
-0.054786
-0.0578733
-0.0685492
-0.0792176
-0.0949655
-0.114376
-0.127054
-0.124267
-0.105954
-0.0857965
-0.0709856
-0.0626737
-0.0592935
-0.0587466
-0.0592901
-0.0607299
-0.0629455
-0.0643343
-0.064446
-0.0618603
-0.0598702
-0.0552168
-0.0529388
-0.0512712
-0.0511505
-0.0522488
-0.0493688
-0.0438105
-0.0384515
-0.0391621
-0.0342887
-0.0316056
-0.0270585
-0.020976
-0.0171742
-0.013912
-0.00541744
0.00626221
0.0181358
0.0240207
0.0271811
0.0265714
0.0254707
0.024795
0.0241383
0.023611
0.0226139
0.0212673
0.0193223
0.0166096
0.0131301
0.0103023
0.00942616
0.0115252
0.0163862
0.023081
0.0298141
0.0354665
0.0400028
0.0440885
0.0456287
0.0470167
0.0489526
0.051078
0.0534696
0.0560787
0.0587864
0.0615754
0.0643195
0.0669719
0.0693414
0.0713696
0.0728887
0.073803
0.0740354
0.073548
0.0723592
0.0705148
0.068109
0.0652806
0.0621532
0.0588524
0.0555262
0.0522656
0.0491345
0.0462317
0.0435492
0.0410827
0.038977
0.0369311
0.0341818
0.0297815
0.0235828
0.0162384
0.00796373
-0.00018887
-0.0066868
-0.00982887
-0.00822842
-0.00362243
0.0038399
0.0105824
0.0152731
0.0179419
0.0190307
0.0180847
0.0187054
0.0198054
0.0186506
0.016865
0.0125633
0.0115632
0.0096917
0.00884568
0.00613058
-0.00446039
-0.0171308
-0.0321235
-0.041794
-0.0448449
-0.0403895
-0.041323
-0.0452662
-0.0465713
-0.0487387
-0.050273
-0.0457483
-0.0357711
-0.0264458
-0.0221197
-0.023263
-0.0269391
-0.031791
-0.035085
-0.0361041
-0.034855
-0.0318148
-0.0259426
-0.0184836
-0.0111501
-0.00414514
-0.00425454
-0.00111284
-0.00589117
-0.0123524
-0.0222134
-0.0303397
-0.0349769
-0.035337
-0.0331666
-0.0326745
-0.0271818
-0.0274173
-0.0264527
-0.0216455
-0.0171122
-0.0112767
-0.00282964
0.00912648
0.0172555
0.0228972
0.0248473
0.0246953
0.0243896
0.0238762
0.0234039
0.0225523
0.0213453
0.0196251
0.0172942
0.0143109
0.01196
0.0113136
0.0133635
0.0179324
0.0241279
0.0303636
0.0355884
0.0397551
0.0435073
0.0449367
0.0462198
0.0480244
0.050012
0.0522324
0.0546524
0.0571641
0.0597487
0.0622882
0.0647414
0.0669306
0.068796
0.070192
0.0710248
0.0712265
0.0707587
0.0696386
0.0679111
0.0656675
0.0630295
0.0601104
0.0570344
0.053936
0.0508948
0.0479793
0.0452748
0.0427718
0.0404801
0.038514
0.0365924
0.0340187
0.0298772
0.0240585
0.0172043
0.00949355
0.00192273
-0.00418338
-0.00702328
-0.00563971
-0.00136242
0.00547495
0.0113891
0.015482
0.0178129
0.0183986
0.0175502
0.0183505
0.0181408
0.0163171
0.0137822
0.0108608
0.00979157
0.00664136
0.0050178
-0.00445041
-0.0166455
-0.0292987
-0.0380603
-0.0387533
-0.036756
-0.03394
-0.0357954
-0.0347845
-0.0321581
-0.0293863
-0.0243219
-0.0175507
-0.0125424
-0.0139984
-0.0176745
-0.0243844
-0.0313417
-0.0362658
-0.0382341
-0.0364447
-0.0323673
-0.0248337
-0.0154737
-0.00185982
0.00532337
0.0215003
-0.00349431
0.0155796
0.00444637
-0.00956854
-0.0158774
-0.0335629
-0.0303636
-0.0430609
-0.0347151
-0.0379484
-0.0259627
-0.0212155
-0.023027
-0.0236755
-0.0206555
-0.0154394
-0.0089665
0.000886939
0.0101254
0.0173808
0.0215779
0.0230922
0.0235341
0.02337
0.0230625
0.0223693
0.0213199
0.0198096
0.017818
0.0153043
0.0133717
0.0129748
0.0149881
0.0193046
0.0250518
0.0308355
0.0356679
0.0395035
0.0429557
0.0442914
0.0454797
0.0471597
0.049018
0.0510803
0.053325
0.0556545
0.0580481
0.0603967
0.0626641
0.064688
0.0664024
0.0676839
0.0684422
0.0686173
0.0681687
0.0671127
0.0654954
0.063404
0.060942
0.0582176
0.0553513
0.0524644
0.049626
0.0469097
0.0443864
0.0420484
0.0399158
0.0380754
0.0362705
0.0338632
0.0299596
0.0244935
0.0180824
0.0108946
0.00384162
-0.00189734
-0.00450262
-0.00334254
0.000650784
0.00683335
0.0120139
0.0155827
0.0175
0.0175601
0.0169171
0.0173672
0.0159897
0.0139719
0.0112763
0.00947489
0.00672852
0.0019892
-0.00296577
-0.0162713
-0.0256443
-0.0344014
-0.0367967
-0.0366169
-0.0371309
-0.0440507
-0.0452423
-0.0439896
-0.0471261
-0.0548499
-0.0651708
-0.0778413
-0.0892413
-0.100026
-0.106568
-0.108714
-0.1076
-0.100802
-0.0918009
-0.0819136
-0.0734978
-0.0646995
-0.0580538
-0.0525008
-0.0512469
-0.0509265
-0.0572878
-0.0613226
-0.0679302
-0.0747708
-0.0753197
-0.0735822
-0.0659398
-0.0565718
-0.05093
-0.0568523
-0.0377057
-0.0226756
-0.0228493
-0.0204317
-0.021073
-0.0181726
-0.0132962
-0.00562075
0.0033486
0.0113405
0.0172433
0.0204681
0.0220542
0.0225285
0.0225297
0.0220473
0.0211875
0.0198836
0.0181935
0.0161212
0.0145738
0.014427
0.0164186
0.0205155
0.0258634
0.0312366
0.0357111
0.0392524
0.0424435
0.0436956
0.0447986
0.0463604
0.0480971
0.0500137
0.0520965
0.0542579
0.0564752
0.0586471
0.0607409
0.0626133
0.0641883
0.0653626
0.0660505
0.0661985
0.0657653
0.0647658
0.0632483
0.0612952
0.0589933
0.0564505
0.0537793
0.051089
0.0484395
0.0459084
0.0435527
0.0413688
0.0393826
0.0376578
0.0359639
0.0337133
0.0300299
0.0248895
0.0188816
0.0121721
0.00558011
0.000205571
-0.00224511
-0.00129689
0.00242468
0.00794402
0.0124754
0.0155476
0.0169423
0.0166235
0.0160843
0.0158277
0.0137161
0.0116978
0.00903767
0.00680294
0.00223286
-0.00403229
-0.0129582
-0.024005
-0.0310654
-0.0366651
-0.037502
-0.0419459
-0.0520785
-0.0718442
-0.0696773
-0.0733851
-0.0851222
-0.103213
-0.13102
-0.169532
-0.209195
-0.238808
-0.25484
-0.254236
-0.24159
-0.217749
-0.190191
-0.167233
-0.150571
-0.133027
-0.1278
-0.127336
-0.131591
-0.138331
-0.146648
-0.154212
-0.15646
-0.153206
-0.143039
-0.125326
-0.115965
-0.08463
-0.092612
-0.0854432
-0.0643622
-0.0361741
-0.0291144
-0.0206753
-0.0203255
-0.0187489
-0.0158801
-0.0103699
-0.00254857
0.00539862
0.0123455
0.0170115
0.0198607
0.0212351
0.0217436
0.0215646
0.0209348
0.0198516
0.0184346
0.0167705
0.0155858
0.0156858
0.017674
0.0215775
0.0265718
0.0315734
0.0357243
0.0390053
0.0419677
0.0431484
0.0441759
0.0456266
0.0472491
0.0490313
0.0509646
0.0529708
0.0550259
0.0570362
0.0589678
0.0607003
0.0621476
0.063222
0.063843
0.0639618
0.0635388
0.062588
0.0611589
0.0593283
0.0571712
0.0547971
0.0523059
0.049798
0.0473242
0.0449658
0.042767
0.0407283
0.0388781
0.0372604
0.0356735
0.0335673
0.0300886
0.0252499
0.0196081
0.0133328
0.00715591
0.00212451
-0.000225812
0.000530739
0.00396609
0.00883354
0.012782
0.015329
0.0161727
0.0156078
0.0149633
0.0139501
0.0115085
0.00934442
0.00630304
0.00268564
-0.00340178
-0.0107184
-0.0214273
-0.0286855
-0.0345898
-0.0389967
-0.0436857
-0.0552164
-0.0698961
-0.0850928
-0.0897921
-0.10364
-0.121888
-0.144106
-0.17709
-0.220808
-0.266461
-0.304196
-0.325856
-0.325852
-0.306281
-0.272727
-0.233879
-0.203577
-0.180464
-0.164234
-0.156569
-0.155925
-0.160586
-0.169237
-0.17815
-0.185068
-0.184477
-0.177197
-0.163393
-0.145383
-0.126782
-0.10629
-0.10173
-0.0861903
-0.07721
-0.0585751
-0.0409528
-0.0274371
-0.0221484
-0.0196771
-0.0173546
-0.013568
-0.00726615
4.49385e-05
0.0073361
0.013031
0.0170469
0.0194289
0.0206289
0.0208886
0.0205373
0.0197101
0.0185526
0.0172642
0.0164265
0.0167672
0.0187695
0.0225031
0.0271864
0.0318518
0.0357135
0.0387652
0.0415269
0.0426449
0.0436059
0.0449532
0.0464675
0.0481243
0.0499178
0.0517786
0.053683
0.0555455
0.0573259
0.0589285
0.0602601
0.0612449
0.0618055
0.0618965
0.0614831
0.0605781
0.0592297
0.0575086
0.0554841
0.0532662
0.0509392
0.0485986
0.0462869
0.0440878
0.0420342
0.0401307
0.038406
0.0368879
0.035402
0.033425
0.0301364
0.0255783
0.0202679
0.0143852
0.00858253
0.00385212
0.001602
0.00220402
0.00528502
0.00952855
0.0129211
0.0149044
0.0152446
0.014487
0.0135678
0.0118962
0.00924233
0.00656479
0.00269714
-0.00230156
-0.00953924
-0.0175324
-0.0272281
-0.0325881
-0.0381006
-0.0438367
-0.053965
-0.0655432
-0.0735007
-0.0750037
-0.0848242
-0.100429
-0.112923
-0.126004
-0.143926
-0.167556
-0.19562
-0.22221
-0.240075
-0.242245
-0.227857
-0.201685
-0.172232
-0.147605
-0.128639
-0.11591
-0.110424
-0.111527
-0.116539
-0.124367
-0.131978
-0.137021
-0.136916
-0.131708
-0.122603
-0.112051
-0.100646
-0.0866161
-0.0802825
-0.0633439
-0.068893
-0.0683713
-0.052927
-0.0385829
-0.0280625
-0.0224201
-0.019143
-0.0159712
-0.0109276
-0.00450192
0.00257554
0.00885036
0.0137854
0.0171526
0.0191444
0.0199756
0.0199916
0.0194537
0.0185572
0.0176135
0.0171093
0.0176861
0.0197186
0.0233046
0.0277159
0.0320785
0.0356841
0.0385356
0.0411191
0.0421792
0.0430808
0.0443313
0.0457419
0.0472795
0.0489402
0.0506631
0.052425
0.0541515
0.0557921
0.0572739
0.0585024
0.0594098
0.0599207
0.0599904
0.059592
0.0587361
0.0574661
0.055847
0.0539473
0.0518737
0.0496953
0.0475066
0.0453423
0.0432878
0.0413655
0.0395841
0.0379717
0.0365442
0.0351512
0.0332873
0.0301741
0.025877
0.0208669
0.0153374
0.00987031
0.00540337
0.00323053
0.00366675
0.00638879
0.0100409
0.0128769
0.0142853
0.0141985
0.0132417
0.0119244
0.00969461
0.00671965
0.00325447
-0.00157931
-0.00771521
-0.0155174
-0.0236202
-0.0315843
-0.0368557
-0.0435484
-0.0514281
-0.0599547
-0.0639298
-0.0596258
-0.0463425
-0.0600792
-0.0676845
-0.0715498
-0.073824
-0.0754726
-0.0787085
-0.0861097
-0.0959956
-0.104351
-0.105933
-0.100121
-0.0883157
-0.0752575
-0.0643048
-0.0557274
-0.050784
-0.0501438
-0.0533324
-0.0587303
-0.0653502
-0.0714298
-0.0757281
-0.0771964
-0.0756552
-0.0721112
-0.0683662
-0.0644354
-0.056364
-0.0456467
-0.0406707
-0.0513946
-0.0612608
-0.0577578
-0.0479399
-0.0361062
-0.0275701
-0.0220741
-0.0183583
-0.0139832
-0.00835173
-0.00173371
0.00473358
0.0102829
0.0145002
0.0173052
0.0187965
0.0192663
0.0190713
0.0184558
0.0178313
0.0176438
0.0184547
0.0205349
0.0239937
0.0281682
0.0322602
0.0356413
0.0383188
0.0407418
0.0417488
0.0425966
0.0437563
0.0450677
0.0464921
0.0480283
0.0496215
0.0512487
0.0528499
0.0543627
0.0557325
0.0568681
0.0577077
0.058178
0.0582334
0.0578546
0.0570509
0.0558581
0.0543364
0.0525559
0.0506155
0.048572
0.0465213
0.0444915
0.0425675
0.040762
0.0390886
0.0375756
0.0362281
0.034918
0.0331554
0.0302029
0.0261488
0.0214101
0.0161975
0.0110284
0.00679206
0.00467096
0.00493693
0.00729043
0.0103762
0.0126448
0.013508
0.0130593
0.0118411
0.0100485
0.0073127
0.0038272
-0.000542175
-0.00625296
-0.0131108
-0.0209353
-0.0287363
-0.0356868
-0.0417834
-0.0487944
-0.0544361
-0.0560939
-0.0502921
-0.0378542
-0.0221357
-0.0312334
-0.0317553
-0.0298348
-0.0257622
-0.0196956
-0.0134017
-0.009418
-0.00812533
-0.00829511
-0.00829212
-0.00776603
-0.00593097
-0.00493215
-0.00365897
-0.00314981
-0.00426978
-0.00694073
-0.0116061
-0.0172209
-0.0231048
-0.0284716
-0.0327407
-0.0356781
-0.0370485
-0.0371357
-0.0369129
-0.0364409
-0.0332102
-0.0258602
-0.0248356
-0.0353239
-0.0472816
-0.0529141
-0.0508505
-0.0426455
-0.0337252
-0.0263005
-0.0212534
-0.016816
-0.0117291
-0.00560414
0.000830957
0.00673421
0.011601
0.015157
0.0173513
0.0183476
0.0185432
0.0182463
0.0179315
0.0180441
0.0190842
0.0212295
0.0245816
0.0285514
0.0324039
0.0355897
0.038117
0.040394
0.0413557
0.0421558
0.0432322
0.044452
0.0457732
0.0471968
0.0486729
0.050176
0.0516617
0.0530592
0.0543242
0.0553719
0.0561456
0.0565765
0.0566171
0.0562548
0.0554986
0.0543767
0.0529458
0.0512775
0.0494588
0.0475399
0.0456166
0.043712
0.0419079
0.0402084
0.0386328
0.0372091
0.0359328
0.0346972
0.0330286
0.0302245
0.0263952
0.0219027
0.016973
0.0120655
0.00803007
0.00593878
0.00602544
0.00800344
0.0105362
0.0122403
0.0126071
0.0118179
0.0102615
0.00796862
0.00469322
0.000530438
-0.0046636
-0.0109701
-0.0181455
-0.0258016
-0.0332264
-0.0398324
-0.0455126
-0.0497425
-0.049967
-0.0441948
-0.0333465
-0.0209343
-0.0113538
-0.0139616
-0.0121075
-0.00842779
-0.00324633
0.00323569
0.010284
0.0165519
0.0211641
0.024295
0.0253257
0.0254139
0.0240389
0.0204125
0.0187834
0.0163234
0.0130312
0.00939195
0.00505586
0.000359381
-0.00428705
-0.0085613
-0.0121484
-0.0150521
-0.0173088
-0.0187232
-0.0196823
-0.0203001
-0.0195005
-0.016625
-0.0154295
-0.0228453
-0.0333998
-0.0425348
-0.0470641
-0.0447776
-0.0384756
-0.0310095
-0.0247759
-0.0197466
-0.0148036
-0.00911219
-0.00283266
0.00325964
0.00859271
0.0127797
0.0156577
0.017233
0.0178661
0.0179216
0.0179227
0.0183232
0.0195859
0.0218126
0.0250782
0.0288728
0.032517
0.0355336
0.0379322
0.0400769
0.0410008
0.0417603
0.0427635
0.0439028
0.0451338
0.046459
0.0478322
0.0492241
0.0506029
0.0518956
0.0530611
0.0540227
0.0547263
0.0551117
0.0551315
0.0547769
0.0540565
0.0529949
0.051646
0.0500803
0.0483717
0.0465698
0.0447657
0.0429797
0.0412873
0.0396871
0.0382044
0.0368641
0.0356536
0.034488
0.0329065
0.03024
0.0266184
0.02235
0.0176696
0.0129906
0.00912943
0.00704441
0.00694168
0.00853941
0.0105282
0.0116835
0.0115943
0.0104586
0.00850793
0.00567543
0.00178175
-0.00305893
-0.00883698
-0.0154636
-0.0227627
-0.0302057
-0.037124
-0.042431
-0.0456257
-0.0452519
-0.0399747
-0.0306831
-0.0201753
-0.0116077
-0.00686024
-0.00653943
-0.00428141
-0.000886216
0.00329582
0.00811802
0.0133792
0.0184014
0.0227611
0.0259696
0.0276594
0.0289023
0.0265684
0.0220326
0.0203844
0.0180772
0.014979
0.0118315
0.00854925
0.00523565
0.0019888
-0.00102563
-0.00369639
-0.00591695
-0.00795583
-0.00960926
-0.0108128
-0.0116788
-0.0119055
-0.0114916
-0.0103771
-0.0146836
-0.0222952
-0.0313665
-0.03895
-0.0421163
-0.0400057
-0.0346468
-0.0284179
-0.0228525
-0.0177421
-0.0123211
-0.00626494
-9.74969e-05
0.0055701
0.0102658
0.013757
0.0159289
0.0170408
0.0174757
0.0178065
0.018507
0.0199712
0.0222932
0.0254934
0.02914
0.0326056
0.0354773
0.0377661
0.0397904
0.0406778
0.0414026
0.0423421
0.0434098
0.0445606
0.0457977
0.0470779
0.0483696
0.0496474
0.0508432
0.0519146
0.0527936
0.0534263
0.0537631
0.0537607
0.0534098
0.0527187
0.0517117
0.0504393
0.0489678
0.0473596
0.0456684
0.0439749
0.0422995
0.040709
0.0392016
0.0378072
0.0365444
0.0353965
0.0342976
0.0327914
0.0302517
0.0268209
0.0227553
0.0182933
0.0138135
0.0100987
0.00799648
0.00769779
0.00890865
0.0103595
0.0109931
0.0104782
0.00897529
0.00656921
0.003145
-0.00135794
-0.00672607
-0.0128778
-0.0197311
-0.0270707
-0.0340238
-0.0393338
-0.0421577
-0.0415764
-0.0368837
-0.02898
-0.0198588
-0.0120679
-0.00698937
-0.00441573
-0.00341285
-0.00147892
0.00110348
0.00399839
0.00716225
0.0105459
0.0138671
0.0169347
0.0192727
0.0209546
0.0222113
0.0199984
0.0155226
0.0168288
0.0148457
0.0125944
0.0103422
0.00805731
0.00587535
0.0037133
0.00166905
-0.000262705
-0.00191496
-0.00348116
-0.0049927
-0.00620929
-0.0070634
-0.00762042
-0.00824935
-0.00739648
-0.00985452
-0.0146718
-0.0218262
-0.0298139
-0.0359033
-0.0380825
-0.0359632
-0.031255
-0.0258566
-0.0205892
-0.0152889
-0.00946857
-0.00332408
0.00258054
0.00769139
0.011709
0.0144509
0.0160718
0.0169121
0.0175816
0.0185624
0.0202502
0.0226788
0.025836
0.0293603
0.0326765
0.0354246
0.0376201
0.039532
0.0403782
0.041069
0.0419489
0.0429469
0.0440199
0.0451724
0.046363
0.0475617
0.0487428
0.049848
0.0508322
0.0516376
0.0522077
0.0525031
0.0524875
0.0521469
0.0514903
0.0505423
0.0493477
0.0479666
0.0464531
0.0448672
0.0432742
0.041699
0.0401979
0.0387744
0.037459
0.0362633
0.035173
0.0341353
0.0326904
0.0302623
0.0270053
0.0231232
0.01885
0.0145423
0.0109464
0.00880503
0.00830473
0.0091182
0.0100444
0.0101882
0.0092594
0.00735357
0.0044352
0.000423178
-0.00458468
-0.0103323
-0.0167776
-0.0237678
-0.0306367
-0.0361239
-0.0390587
-0.0386199
-0.0345921
-0.0277402
-0.0197559
-0.0125602
-0.00759597
-0.0047467
-0.00327463
-0.00226382
-0.000746405
0.0011
0.00300035
0.00501089
0.00710053
0.00917879
0.0111173
0.0127139
0.014037
0.0149835
0.0142684
0.0122284
0.0113923
0.0106272
0.00944136
0.00828156
0.00690072
0.00547531
0.00403673
0.00260013
0.00118758
-0.000111345
-0.00129447
-0.0025255
-0.00363645
-0.00442364
-0.00494296
-0.00579761
-0.00544537
-0.00704444
-0.00992915
-0.0148299
-0.0215915
-0.0284966
-0.0332951
-0.0346906
-0.0324521
-0.0282156
-0.0232172
-0.0180272
-0.0124293
-0.00639711
-0.000353934
0.00509768
0.00957327
0.0128328
0.0149648
0.0162363
0.017254
0.0185267
0.020431
0.022977
0.0261153
0.0295412
0.0327345
0.0353787
0.0374948
0.0392984
0.0401038
0.0407566
0.0415761
0.0425032
0.043498
0.0445679
0.0456711
0.0467833
0.0478733
0.0488947
0.0497989
0.0505397
0.0510585
0.0513217
0.051302
0.0509797
0.0503646
0.0494802
0.0483653
0.0470723
0.045651
0.0441654
0.0426639
0.0411799
0.0397582
0.0384108
0.0371627
0.0360232
0.034984
0.0340001
0.0326106
0.030276
0.0271747
0.0234565
0.0193459
0.0151851
0.0116791
0.00947998
0.00877079
0.00917812
0.00960184
0.00927825
0.00793218
0.00558646
0.0021347
-0.00239439
-0.00779583
-0.0138594
-0.0204953
-0.0271815
-0.0328301
-0.0361422
-0.0361932
-0.0328595
-0.0269347
-0.019823
-0.013195
-0.0082745
-0.00535654
-0.00370848
-0.00276273
-0.00196059
-0.000841384
0.000427726
0.00165476
0.00292276
0.00420148
0.0054462
0.00657919
0.00753575
0.00827749
0.00880221
0.00887329
0.00861552
0.00836582
0.00822537
0.00751344
0.00677502
0.00587205
0.00482886
0.00378562
0.00271254
0.00164343
0.000609132
-0.000326888
-0.00127278
-0.00219756
-0.00291017
-0.00333929
-0.00404537
-0.00405849
-0.00527178
-0.00709973
-0.0101723
-0.0151792
-0.0214817
-0.0273498
-0.0310837
-0.0317239
-0.029355
-0.0253182
-0.0204729
-0.0151268
-0.0092831
-0.00320553
0.00250914
0.00738763
0.0111153
0.0137361
0.0154551
0.0168314
0.0184087
0.0205235
0.0231958
0.0263391
0.0296898
0.0327847
0.0353434
0.0373907
0.0390919
0.0398665
0.0404791
0.0412408
0.0421015
0.0430234
0.0440177
0.0450401
0.0460744
0.0470805
0.0480246
0.0488537
0.0495314
0.0500021
0.0502328
0.0502044
0.0498959
0.0493166
0.0484884
0.0474454
0.0462334
0.0449005
0.0435089
0.042093
0.0406961
0.0393507
0.0380776
0.0368911
0.0358042
0.0348133
0.0338786
0.032553
0.0302973
0.027333
0.0237597
0.0197872
0.0157489
0.0123038
0.0100318
0.00910366
0.00910068
0.00904589
0.00826917
0.00649673
0.00368455
-0.000275583
-0.00522944
-0.0109602
-0.0172456
-0.0237204
-0.029485
-0.0332741
-0.0340247
-0.0314982
-0.026404
-0.0200332
-0.0138413
-0.00902134
-0.00591412
-0.00416383
-0.00309764
-0.00244504
-0.0018611
-0.00108061
-0.000247523
0.000530328
0.00132092
0.0020865
0.00280863
0.00344475
0.00394576
0.00429708
0.00442356
0.00452043
0.00470839
0.00487037
0.00555183
0.00555508
0.00503098
0.004447
0.00372777
0.00297281
0.00220339
0.00140837
0.000633044
-9.03841e-05
-0.00078515
-0.00147398
-0.00206024
-0.00242198
-0.00292379
-0.00310338
-0.00407216
-0.0053822
-0.00733611
-0.0106733
-0.0156881
-0.0214517
-0.0264047
-0.0290889
-0.0290209
-0.026513
-0.0224707
-0.0175203
-0.0119405
-0.00593574
-4.94092e-05
0.00517434
0.00932848
0.0124076
0.0145763
0.0163216
0.0182074
0.0205381
0.0233439
0.0265144
0.029813
0.0328323
0.0353219
0.0373098
0.0389184
0.0396718
0.0402488
0.0409596
0.0417631
0.0426209
0.0435482
0.0444973
0.0454603
0.0463892
0.0472602
0.0480183
0.0486307
0.049051
0.0492448
0.0491964
0.0488898
0.0483326
0.0475451
0.0465596
0.0454172
0.0441651
0.0428577
0.0415224
0.0402099
0.0389398
0.0377407
0.0366161
0.0355857
0.0346455
0.0337605
0.0324981
0.0303277
0.0274847
0.0240374
0.0201794
0.0162402
0.0128289
0.0104688
0.00931066
0.00890133
0.00838881
0.00716456
0.00495721
0.0016806
-0.00272837
-0.00804719
-0.0140407
-0.0202861
-0.0261213
-0.0303928
-0.0319581
-0.0303581
-0.0261108
-0.0204108
-0.0146111
-0.00985839
-0.00662857
-0.00465078
-0.00346819
-0.00267898
-0.00219518
-0.00177826
-0.00124968
-0.000692869
-0.0001807
0.000322444
0.000788358
0.00123524
0.00160796
0.00186997
0.0020662
0.00204988
0.00203421
0.00196624
0.00212869
0.00285399
0.00341115
0.00310009
0.00280669
0.00238789
0.00190012
0.00140087
0.000857876
0.000314203
-0.000210899
-0.000710744
-0.00119254
-0.00163974
-0.00195705
-0.00231528
-0.00240735
-0.00315062
-0.00418011
-0.00554716
-0.00771464
-0.0113123
-0.0162377
-0.021489
-0.0255674
-0.0274171
-0.0266293
-0.0237819
-0.0195149
-0.0143296
-0.00851245
-0.00255271
0.00295931
0.00750128
0.0110006
0.0136091
0.0157314
0.0179278
0.0204834
0.0234292
0.026648
0.0299181
0.0328811
0.0353178
0.0372547
0.0387804
0.039508
0.0400528
0.0407153
0.0414631
0.042259
0.04312
0.043998
0.0448911
0.0457482
0.0465501
0.0472456
0.0477991
0.0481754
0.0483394
0.0482738
0.0479681
0.04743
0.0466775
0.0457416
0.0446606
0.0434801
0.0422449
0.0409835
0.0397474
0.0385458
0.0374143
0.0363491
0.035375
0.0344875
0.0336557
0.0324681
0.0303708
0.0276338
0.0242942
0.0205299
0.0166641
0.0132605
0.0108016
0.00940128
0.00859266
0.00763928
0.00597347
0.00333604
-0.000389127
-0.00519871
-0.0108127
-0.0168705
-0.0227151
-0.0274203
-0.02983
-0.0292358
-0.0259012
-0.0208567
-0.0154033
-0.0106834
-0.00728739
-0.00510705
-0.00371539
-0.00283734
-0.0022407
-0.00187054
-0.00158801
-0.00124656
-0.000878249
-0.000543002
-0.000218209
9.10388e-05
0.000402811
0.000656246
0.000843879
0.00101153
0.00104337
0.00107535
0.000926158
0.00109187
0.00131602
0.00170843
0.00158784
0.00146888
0.00123167
0.000938702
0.000626015
0.000277116
-8.81382e-05
-0.000445199
-0.000789278
-0.00110301
-0.001392
-0.00164001
-0.0019084
-0.00194956
-0.00248092
-0.00330004
-0.0043589
-0.00586047
-0.00832807
-0.0121448
-0.0169208
-0.0215766
-0.0248112
-0.0257724
-0.0243349
-0.0210217
-0.016386
-0.0108741
-0.00497129
0.000743168
0.00564483
0.00953628
0.0125664
0.015069
0.017577
0.0203651
0.0234614
0.0267474
0.0300102
0.032936
0.035335
0.0372256
0.0386728
0.039362
0.03987
0.0404799
0.0411654
0.0418961
0.042688
0.0434964
0.0443204
0.0451137
0.0458534
0.0464987
0.0470089
0.0473553
0.0475047
0.0474352
0.0471396
0.046626
0.0459099
0.0450215
0.0439969
0.0428788
0.0417048
0.0405102
0.0393383
0.0381964
0.0371228
0.0361117
0.0351878
0.0343494
0.0335672
0.0324483
0.0304298
0.0277868
0.0245356
0.020844
0.0170265
0.013608
0.0110383
0.00938605
0.00818576
0.0068062
0.00470756
0.0016469
-0.00249413
-0.00765414
-0.0134641
-0.0193276
-0.0243967
-0.0275974
-0.0280646
-0.0257449
-0.0214233
-0.0163454
-0.0116674
-0.00809655
-0.00569738
-0.00413745
-0.00308507
-0.0023914
-0.00191003
-0.0016097
-0.00140677
-0.0011671
-0.000904586
-0.000675169
-0.000461561
-0.000235308
-1.30974e-05
0.000172402
0.000325048
0.00046576
0.00056606
0.000622339
0.000589822
0.000791188
0.000571513
0.000587166
0.000547294
0.000518657
0.000384431
0.000229898
4.64706e-05
-0.000159741
-0.000387772
-0.000623296
-0.000849831
-0.00105672
-0.00123625
-0.00141982
-0.00164799
-0.00157267
-0.00193997
-0.00256076
-0.00340829
-0.00452576
-0.00622654
-0.0089907
-0.0129716
-0.0175414
-0.0215971
-0.0239468
-0.0240362
-0.0218933
-0.0180561
-0.0130018
-0.00726596
-0.00144111
0.00378502
0.00804487
0.0114685
0.0143462
0.0171685
0.0201925
0.0234479
0.026819
0.0300943
0.0330011
0.0353752
0.0372233
0.038593
0.0392416
0.0397093
0.0402685
0.0408943
0.0415667
0.0422959
0.0430454
0.0438077
0.0445487
0.0452356
0.0458382
0.0463141
0.0466339
0.0467676
0.0466924
0.0464003
0.0459005
0.045208
0.0443529
0.0433704
0.0422996
0.041176
0.0400406
0.0389229
0.0378397
0.036823
0.03587
0.0349987
0.0342128
0.0334804
0.0324456
0.0305094
0.0279486
0.024769
0.0211274
0.0173318
0.0138771
0.011183
0.00927387
0.0077054
0.00591023
0.0033885
-8.40605e-05
-0.00462851
-0.0100407
-0.015795
-0.0211694
-0.0251256
-0.0266789
-0.0254375
-0.0219268
-0.0172643
-0.0126281
-0.00887333
-0.00621975
-0.0044591
-0.00327048
-0.00245297
-0.00191645
-0.00153146
-0.00129227
-0.00116253
-0.00101488
-0.000852598
-0.000713029
-0.000572658
-0.000406017
-0.00025696
-0.000123835
-9.406e-06
8.04662e-05
0.000183404
0.000189242
0.000217567
0.00029294
-5.67225e-05
-0.000243753
-0.000130356
-0.000110206
-0.000172194
-0.000233667
-0.000334549
-0.000451497
-0.000584469
-0.000732588
-0.000876551
-0.00100115
-0.001085
-0.00117449
-0.0013592
-0.0012882
-0.0015524
-0.00201518
-0.00269864
-0.003611
-0.00487006
-0.0068533
-0.00996092
-0.014028
-0.0183059
-0.0216651
-0.0231352
-0.0222782
-0.0193336
-0.0148013
-0.00933164
-0.00353064
0.00191417
0.00651635
0.0103115
0.0135558
0.0166943
0.0199582
0.0233868
0.0268635
0.0301766
0.0330816
0.0354434
0.0372503
0.0385461
0.0391594
0.0395928
0.0401133
0.0406917
0.0413208
0.0419986
0.0427039
0.0434156
0.0441136
0.0447569
0.0453188
0.0457598
0.0460464
0.0461517
0.0460548
0.045746
0.0452366
0.0445432
0.0436959
0.0427314
0.0416868
0.0405986
0.0395083
0.0384363
0.0374125
0.0364554
0.0355713
0.0347659
0.0340477
0.033379
0.0324542
0.030615
0.0281255
0.0250012
0.02139
0.0175904
0.0140733
0.0112337
0.00905665
0.00712916
0.00495044
0.0020341
-0.00183385
-0.00674171
-0.0123564
-0.0179915
-0.0225753
-0.0251069
-0.0250253
-0.0224542
-0.0183164
-0.0138112
-0.00987925
-0.00696301
-0.00496842
-0.00361261
-0.00265787
-0.00200193
-0.00156848
-0.00124987
-0.00104672
-0.000949124
-0.000848646
-0.000740042
-0.000648864
-0.000555376
-0.000445459
-0.000350225
-0.000266301
-0.000191544
-0.000144876
-7.1338e-05
-9.11417e-05
-4.49111e-05
-6.43028e-05
-0.000350852
-0.000517808
-0.00039212
-0.000372642
-0.000403422
-0.00042062
-0.000474922
-0.000533383
-0.000610136
-0.00069766
-0.000785162
-0.000866539
-0.000911671
-0.000954949
-0.00111216
-0.000999622
-0.00120198
-0.00153034
-0.00203642
-0.00276569
-0.0037395
-0.00516339
-0.00746231
-0.0108438
-0.0149238
-0.0188198
-0.0213841
-0.0218205
-0.0200274
-0.0163753
-0.0113542
-0.00568351
-5.54294e-05
0.00490801
0.00910995
0.0127371
0.0161977
0.0197115
0.0233237
0.0269186
0.030274
0.0331842
0.0355394
0.0373075
0.0385388
0.0391005
0.0394979
0.0399787
0.0405077
0.0410948
0.041722
0.042386
0.0430555
0.0437158
0.0443275
0.044859
0.0452753
0.0455397
0.0456259
0.0455131
0.0451908
0.0446716
0.0439734
0.0431251
0.0421653
0.0411321
0.0400636
0.0389984
0.0379591
0.0369814
0.0360729
0.0352524
0.0345133
0.0338698
0.0332769
0.0324661
0.0307473
0.0283284
0.0252402
0.02164
0.0178321
0.0142455
0.0112482
0.00880278
0.00651409
0.00389868
0.00054711
-0.00371555
-0.00882957
-0.0143267
-0.0193521
-0.0228706
-0.024124
-0.0226896
-0.0192441
-0.0149428
-0.0108623
-0.00764926
-0.00539582
-0.0038494
-0.00276327
-0.00202208
-0.001534
-0.00120258
-0.00094668
-0.000789128
-0.000751545
-0.00070517
-0.000636391
-0.000578725
-0.000514008
-0.000431107
-0.000355365
-0.000292064
-0.000225608
-0.000182588
-0.00011702
-0.00011225
-5.00123e-05
-8.42185e-05
-0.000266781
-0.000370533
-0.000319617
-0.00033596
-0.000380831
-0.00040332
-0.000458335
-0.000504787
-0.000564669
-0.00063169
-0.000692572
-0.000746227
-0.000762089
-0.000749232
-0.000838691
-0.000778452
-0.000944174
-0.00120452
-0.00159037
-0.0021655
-0.00296698
-0.00408029
-0.00581957
-0.00853792
-0.0122207
-0.0163036
-0.0197773
-0.0215199
-0.02068
-0.0176497
-0.012939
-0.0073312
-0.00158461
0.00360617
0.00806688
0.0119624
0.0156492
0.0193824
0.0231804
0.026908
0.0303389
0.0332882
0.0356606
0.0374022
0.0385657
0.0390433
0.0393848
0.0398084
0.0402763
0.0408112
0.0413871
0.0420082
0.042645
0.0432766
0.0438721
0.0443935
0.0448065
0.0450739
0.0451664
0.0450609
0.0447473
0.0442352
0.0435434
0.0427001
0.041744
0.0407158
0.0396562
0.0386009
0.0375821
0.0366304
0.0357549
0.034981
0.0342946
0.0337166
0.0331999
0.0325029
0.0309054
0.0285318
0.0254463
0.021815
0.0179507
0.014272
0.0111199
0.00844772
0.00589117
0.00298194
-0.000692101
-0.0052982
-0.010767
-0.0163035
-0.0209114
-0.0234253
-0.023137
-0.0204338
-0.0164067
-0.0122145
-0.00868213
-0.00608891
-0.00429099
-0.0030416
-0.00217728
-0.00159908
-0.00121144
-0.000943249
-0.000744554
-0.000616204
-0.00058284
-0.000537192
-0.000485969
-0.000452033
-0.000409505
-0.000350382
-0.000297227
-0.000248888
-0.000192764
-0.000143355
-8.27269e-05
-5.11395e-05
4.57355e-05
2.74603e-05
-8.00401e-05
-0.000147174
-0.00017715
-0.000218649
-0.000274697
-0.000309689
-0.000356685
-0.000393531
-0.000435341
-0.000480352
-0.000514474
-0.000545892
-0.000556584
-0.000553114
-0.000636425
-0.000611715
-0.000720859
-0.000890059
-0.00115585
-0.0015783
-0.00218947
-0.0030046
-0.00423035
-0.00624589
-0.00927668
-0.0130381
-0.0167926
-0.0195169
-0.0202672
-0.018598
-0.014846
-0.00972777
-0.00399859
0.00152417
0.00645145
0.0108202
0.0149404
0.0190391
0.023096
0.0270056
0.0305287
0.0335027
0.0358624
0.0375545
0.0386157
0.0390041
0.0392845
0.0396493
0.0400692
0.0405601
0.0411041
0.0416953
0.0423148
0.0429333
0.0435234
0.044045
0.0444602
0.0447315
0.0448257
0.0447191
0.0444023
0.0438819
0.0431783
0.0423227
0.0413541
0.0403163
0.039253
0.0382007
0.0371974
0.0362667
0.0354281
0.0346995
0.0340736
0.0335652
0.0331367
0.032584
0.0311361
0.0288711
0.0258307
0.0221711
0.0182054
0.0143694
0.0109905
0.00801355
0.0050418
0.00164773
-0.00251346
-0.00748029
-0.0128354
-0.0177412
-0.0210356
-0.022041
-0.0205781
-0.0172792
-0.0132569
-0.00949617
-0.00658572
-0.00456663
-0.00319343
-0.00223035
-0.00156756
-0.00115372
-0.000896824
-0.000734789
-0.000604756
-0.000513571
-0.000497963
-0.000453809
-0.000398724
-0.000367899
-0.000332798
-0.000280097
-0.000235923
-0.000192563
-0.000143523
-9.53253e-05
-4.62404e-05
-3.07325e-06
8.96707e-05
7.4388e-05
1.69543e-06
-2.73012e-05
-8.50935e-05
-0.000131035
-0.000179349
-0.000219244
-0.000263914
-0.000297136
-0.000332789
-0.000380071
-0.000412919
-0.000443565
-0.000466173
-0.000467266
-0.000514701
-0.000479172
-0.000590807
-0.000735012
-0.000904049
-0.00121782
-0.00172562
-0.00245586
-0.00345462
-0.00502136
-0.00759492
-0.0112781
-0.0154745
-0.0190546
-0.0205908
-0.0193926
-0.0158294
-0.0106562
-0.00480653
0.000856308
0.00592494
0.0104254
0.0146373
0.0187949
0.022942
0.0269524
0.0305566
0.0335927
0.0359863
0.0376629
0.0386948
0.0389986
0.039231
0.0395518
0.0399487
0.0404156
0.0409483
0.0415294
0.0421449
0.042764
0.0433547
0.043878
0.0442908
0.0445537
0.0446312
0.0445008
0.0441506
0.0435927
0.0428473
0.0419507
0.0409451
0.0398783
0.0387963
0.0377399
0.036746
0.0358389
0.0350425
0.0343652
0.0338144
0.0333896
0.0330753
0.0326593
0.0312811
0.0290026
0.0259136
0.0222004
0.0181899
0.0142843
0.0108118
0.00770454
0.00459152
0.00102171
-0.00334235
-0.00854851
-0.0141992
-0.0191553
-0.0222045
-0.022408
-0.0198654
-0.0157283
-0.0114302
-0.00790805
-0.00543828
-0.00373829
-0.00253001
-0.00169584
-0.00120204
-0.000931171
-0.000763754
-0.000620589
-0.000485014
-0.000366475
-0.000329759
-0.000281323
-0.00025426
-0.00025558
-0.000227946
-0.000189061
-0.000159494
-0.000130422
-0.000101234
-7.05825e-05
-5.39927e-05
-2.31797e-05
1.90025e-05
-6.55517e-06
-5.31185e-05
-4.99348e-05
-7.00243e-05
-0.00010207
-0.000114912
-0.000136802
-0.000163086
-0.000184035
-0.000201443
-0.00022916
-0.000251638
-0.000252148
-0.00025309
-0.000258182
-0.000337262
-0.000423247
-0.000475805
-0.000564347
-0.000667412
-0.000817633
-0.00109564
-0.00155319
-0.00221927
-0.00321615
-0.004861
-0.00754411
-0.0112377
-0.0153784
-0.0186785
-0.0197362
-0.0179373
-0.0137685
-0.00809437
-0.00202549
0.00367319
0.00878502
0.0135277
0.0181641
0.0227391
0.0270881
0.0309109
0.0340487
0.0364285
0.037999
0.0388558
0.0390045
0.0391772
0.0394516
0.0398223
0.0402703
0.040792
0.0413697
0.0419863
0.042614
0.0432165
0.0437535
0.044179
0.0444495
0.0445276
0.0443891
0.0440171
0.043432
0.0426519
0.0417163
0.0406726
0.0395724
0.0384649
0.0373952
0.0363994
0.0355057
0.0347354
0.0340965
0.0336024
0.0332528
0.0330572
0.0328882
0.0317568
0.0296464
0.0265732
0.022701
0.0184171
0.0142058
0.0104127
0.00695408
0.00337695
-0.000805515
-0.00584224
-0.0114937
-0.016815
-0.0204677
-0.0214654
-0.0195282
-0.0157253
-0.0114866
-0.0078705
-0.0052587
-0.00350522
-0.00232103
-0.00153804
-0.00108702
-0.000840548
-0.000703384
-0.00057422
-0.000475502
-0.000396224
-0.000299519
-0.000232352
-0.000156738
-0.000132097
-0.000123368
-9.23633e-05
-7.52896e-05
-6.56554e-05
-5.45352e-05
-5.16826e-05
-3.26169e-05
-3.61532e-05
-1.80807e-05
1.61964e-05
-1.4611e-06
-2.58192e-05
-1.73186e-05
-3.45243e-05
-5.33802e-05
-4.6672e-05
-6.03402e-05
-6.1185e-05
-7.03279e-05
-7.73029e-05
-9.01474e-05
-0.000120963
-0.000142939
-0.000177464
-0.000246264
-0.000357408
)
;

boundaryField
{
    back
    {
        type            slip;
    }
    cylinder
    {
        type            zeroGradient;
    }
    front
    {
        type            slip;
    }
    inflow
    {
        type            zeroGradient;
    }
    outflow
    {
        type            fixedValue;
        value           uniform 0;
    }
    wall
    {
        type            zeroGradient;
    }
}


// ************************************************************************* //
