/*--------------------------------*- C++ -*----------------------------------*\
| =========                 |                                                 |
| \\      /  F ield         | OpenFOAM: The Open Source CFD Toolbox           |
|  \\    /   O peration     | Version:  3.0.1                                 |
|   \\  /    A nd           | Web:      www.OpenFOAM.org                      |
|    \\/     M anipulation  |                                                 |
\*---------------------------------------------------------------------------*/
FoamFile
{
    version     2.0;
    format      ascii;
    class       faceSet;
    location    "constant/polyMesh/sets";
    object      nonOrthoFaces;
}
// * * * * * * * * * * * * * * * * * * * * * * * * * * * * * * * * * * * * * //


1182
(
14336 
14337 
14338 
14340 
10245 
10247 
10248 
10249 
10250 
10251 
10252 
10253 
10254 
10255 
10256 
10257 
10258 
10260 
6175 
6177 
6178 
6180 
14400 
14402 
14403 
14404 
14405 
14406 
14407 
14408 
14409 
14410 
14411 
14412 
14413 
14414 
14416 
10320 
10322 
10323 
10324 
10325 
10326 
10327 
10328 
10329 
10330 
10331 
10332 
10333 
10334 
6240 
6242 
16483 
6243 
6244 
16485 
16486 
6246 
16487 
16488 
16489 
16490 
16491 
16492 
16493 
16494 
16495 
16496 
16497 
16498 
16500 
12405 
12406 
12407 
12408 
12409 
12410 
12411 
12412 
12413 
12414 
12415 
12416 
12417 
12418 
12420 
8329 
8330 
8331 
8332 
8333 
8334 
8335 
8336 
8337 
8338 
8340 
16560 
16562 
16563 
16564 
16565 
16566 
16567 
16568 
12480 
12482 
12483 
12484 
12485 
12486 
12487 
12488 
12489 
12490 
12491 
12492 
12493 
12494 
8400 
12496 
8402 
8403 
8404 
8405 
8406 
8407 
8408 
8409 
8410 
8411 
8412 
14565 
14566 
14567 
14568 
14569 
14570 
14571 
14572 
14573 
14574 
14575 
14576 
14577 
14578 
14580 
10485 
10487 
10488 
10489 
10490 
10491 
10492 
10493 
10494 
10495 
10496 
10497 
16642 
10498 
16643 
16644 
10500 
16645 
16646 
16647 
16648 
16649 
6415 
6416 
6417 
6418 
6420 
14640 
14642 
14643 
14644 
14645 
14646 
14647 
14648 
14649 
14650 
14651 
14652 
14653 
14654 
14655 
14656 
10560 
10562 
10563 
10564 
10565 
10566 
10567 
10568 
10569 
10570 
10571 
10572 
10573 
10574 
6480 
6482 
6483 
6484 
6485 
6486 
6488 
12645 
12646 
12647 
12648 
12649 
12650 
12651 
12652 
12653 
12654 
12655 
12656 
12657 
12658 
12660 
8567 
8569 
8570 
8571 
8572 
8573 
8574 
8575 
8576 
8577 
8578 
8580 
12720 
12722 
12723 
12724 
12725 
12726 
12727 
12728 
12729 
12730 
12731 
12732 
12733 
12734 
8640 
12736 
8642 
8643 
8644 
8645 
8646 
8647 
8648 
8649 
8650 
8651 
8652 
14803 
14805 
14806 
14807 
14808 
14809 
14810 
14811 
14812 
14813 
14814 
14815 
14816 
14817 
14818 
14820 
10725 
10727 
10728 
10729 
10730 
10731 
10732 
10733 
10734 
10735 
10736 
10737 
10738 
10740 
6653 
6654 
6655 
6656 
6657 
6658 
6660 
14880 
14882 
14883 
14884 
14885 
14886 
14887 
14888 
14889 
14890 
14891 
14892 
14893 
14894 
14895 
14896 
10800 
10802 
10803 
10804 
10805 
10806 
10807 
10808 
10809 
10810 
10811 
10812 
10813 
10814 
6720 
6722 
6723 
6724 
6725 
6726 
6727 
6728 
12885 
12886 
12887 
12888 
12889 
12890 
12891 
12892 
12893 
12894 
12895 
12896 
12897 
12898 
12900 
8807 
8809 
8810 
8811 
8812 
8813 
8814 
8815 
8816 
8817 
8818 
8820 
12960 
12962 
12963 
12964 
12965 
12966 
12967 
12968 
12969 
12970 
12971 
12972 
12973 
12974 
8880 
12976 
8882 
8883 
8884 
8885 
8886 
8887 
8888 
8889 
8890 
8891 
8892 
8894 
15043 
15045 
15046 
15047 
15048 
15049 
15050 
15051 
15052 
15053 
15054 
15055 
15056 
15057 
15058 
15060 
10965 
10967 
10968 
10969 
10970 
10971 
10972 
10973 
10974 
10975 
10976 
10977 
10978 
10980 
6891 
6893 
6894 
6895 
6896 
6897 
6898 
6900 
15120 
15122 
15123 
15124 
15125 
15126 
15127 
15128 
15129 
15130 
15131 
15132 
15133 
15134 
15135 
15136 
11040 
11042 
11043 
11044 
11045 
11046 
11047 
11048 
11049 
11050 
11051 
11052 
11053 
11054 
6960 
6962 
6963 
6964 
6965 
6966 
6967 
6968 
6970 
13125 
13126 
13127 
13128 
13129 
13130 
13131 
13132 
13133 
13134 
13135 
13136 
13137 
13138 
13140 
9047 
9048 
9049 
9050 
9051 
9052 
9053 
9054 
9055 
9056 
9057 
9058 
9060 
13200 
13202 
13203 
13204 
13205 
13206 
13207 
13208 
13209 
13210 
13211 
13212 
13213 
13214 
9120 
13216 
9122 
9123 
9124 
9125 
9126 
9127 
9128 
9129 
9130 
9131 
9132 
9134 
15283 
15285 
15286 
15287 
15288 
15289 
15290 
15291 
15292 
15293 
15294 
15295 
15296 
15297 
15298 
15300 
11205 
11207 
11208 
11209 
11210 
11211 
11212 
11213 
11214 
11215 
11216 
11217 
11218 
11220 
7131 
7132 
7133 
7134 
7135 
7136 
7137 
7138 
7140 
15360 
15362 
15363 
15364 
15365 
15366 
15367 
15368 
15369 
15370 
15371 
15372 
15373 
15374 
15375 
15376 
11280 
11282 
11283 
11284 
11285 
11286 
11287 
11288 
11289 
11290 
11291 
11292 
11293 
11294 
7200 
7202 
7203 
7204 
7205 
7206 
7207 
7208 
7210 
13365 
13366 
13367 
13368 
13369 
13370 
13371 
13372 
13373 
13374 
13375 
13376 
13377 
13378 
13380 
9287 
9288 
9289 
9290 
9291 
9292 
9293 
9294 
9295 
9296 
9297 
9298 
9300 
13440 
13442 
13443 
13444 
13445 
13446 
13447 
13448 
13449 
13450 
13451 
13452 
13453 
13454 
9360 
13456 
9362 
9363 
9364 
9365 
9366 
9367 
9368 
9369 
9370 
9371 
9372 
9374 
15523 
15525 
15526 
15527 
15528 
15529 
15530 
15531 
15532 
15533 
15534 
15535 
15536 
15537 
15538 
15540 
11445 
11447 
11448 
11449 
11450 
11451 
11452 
11453 
11454 
11455 
11456 
11457 
11458 
11460 
7371 
7372 
7373 
7374 
7375 
7376 
7377 
7378 
7380 
15600 
15602 
15603 
15604 
15605 
15606 
15607 
15608 
15609 
15610 
15611 
15612 
15613 
15614 
15615 
15616 
11520 
11522 
11523 
11524 
11525 
11526 
11527 
11528 
11529 
11530 
11531 
11532 
11533 
11534 
7440 
11536 
7442 
7443 
7444 
7445 
7446 
7447 
7448 
7449 
7450 
13605 
13606 
13607 
13608 
13609 
13610 
13611 
13612 
13613 
13614 
13615 
13616 
13617 
13618 
13620 
9527 
9528 
9529 
9530 
9531 
9532 
9533 
9534 
9535 
9536 
9537 
9538 
9540 
13680 
13682 
13683 
13684 
13685 
13686 
13687 
13688 
13689 
13690 
13691 
13692 
13693 
13694 
9600 
13696 
9602 
9603 
9604 
9605 
9606 
9607 
9608 
9609 
9610 
9611 
9612 
9614 
15763 
15765 
15766 
15767 
15768 
15769 
15770 
15771 
15772 
15773 
15774 
15775 
15776 
15777 
15778 
15780 
11685 
11686 
11687 
11688 
11689 
11690 
11691 
11692 
11693 
11694 
11695 
11696 
11697 
11698 
11700 
7609 
7611 
7612 
7613 
7614 
7615 
7616 
7617 
7618 
7620 
15840 
15842 
15843 
15844 
15845 
15846 
15847 
15848 
15849 
15850 
15851 
15852 
15853 
15854 
15855 
15856 
11760 
11762 
11763 
11764 
11765 
11766 
11767 
11768 
11769 
11770 
11771 
11772 
11773 
11774 
7680 
11776 
7682 
7683 
7684 
7685 
7686 
7687 
7688 
7689 
7690 
7692 
13845 
13846 
13847 
13848 
13849 
13850 
13851 
13852 
13853 
13854 
13855 
13856 
13857 
13858 
13860 
9767 
9768 
9769 
9770 
9771 
9772 
9773 
9774 
9775 
9776 
9777 
9778 
9780 
13920 
13922 
13923 
13924 
13925 
13926 
13927 
13928 
13929 
13930 
13931 
13932 
13933 
13934 
13936 
9840 
9842 
9843 
9844 
9845 
9846 
9847 
9848 
9849 
9850 
9851 
9852 
9854 
5762 
16003 
5764 
16005 
16006 
16007 
16008 
16009 
16010 
16011 
16012 
16013 
16014 
16015 
16016 
16017 
16018 
16020 
11925 
11926 
11927 
11928 
11929 
11930 
11931 
11932 
11933 
11934 
11935 
11936 
11937 
11938 
11940 
7849 
7850 
7851 
7852 
7853 
7854 
7855 
7856 
7857 
7858 
7860 
16080 
16082 
16083 
16084 
16085 
16086 
16087 
16088 
16089 
16090 
16091 
16092 
16093 
16094 
16095 
16096 
12000 
12002 
12003 
12004 
12005 
12006 
12007 
12008 
12009 
12010 
12011 
12012 
12013 
12014 
7920 
12016 
7922 
7923 
7924 
7925 
7926 
7927 
7928 
7929 
7930 
7932 
14085 
14086 
14087 
14088 
14089 
14090 
14091 
14092 
14093 
14094 
14095 
14096 
14097 
14098 
14100 
10007 
10008 
10009 
10010 
10011 
10012 
10013 
10014 
10015 
10016 
10017 
10018 
10020 
5938 
5940 
14160 
14162 
14163 
14164 
14165 
14166 
14167 
14168 
14169 
14170 
14171 
14172 
14173 
14174 
14176 
10080 
10082 
10083 
10084 
10085 
10086 
10087 
10088 
10089 
10090 
10091 
10092 
10093 
10094 
6000 
6002 
16243 
6003 
6004 
16245 
16246 
16247 
16248 
16249 
16250 
16251 
16252 
16253 
16254 
16255 
16256 
16257 
16258 
16260 
12165 
12166 
12167 
12168 
12169 
12170 
12171 
12172 
12173 
12174 
12175 
12176 
12177 
12178 
12180 
8089 
8090 
8091 
8092 
8093 
8094 
8095 
8096 
8097 
8098 
8100 
16320 
16322 
16323 
16324 
16325 
16326 
16327 
16328 
16329 
16330 
16331 
16332 
16333 
16334 
16335 
16336 
12240 
12242 
12243 
12244 
12245 
12246 
12247 
12248 
12249 
12250 
12251 
12252 
12253 
12254 
8160 
12256 
8162 
8163 
8164 
8165 
8166 
8167 
8168 
8169 
8170 
8172 
14325 
14326 
14327 
14328 
14329 
14330 
14331 
14332 
14333 
14334 
14335 
)

// ************************************************************************* //
