/*--------------------------------*- C++ -*----------------------------------*\
| =========                 |                                                 |
| \\      /  F ield         | OpenFOAM: The Open Source CFD Toolbox           |
|  \\    /   O peration     | Version:  3.0.1                                 |
|   \\  /    A nd           | Web:      www.OpenFOAM.org                      |
|    \\/     M anipulation  |                                                 |
\*---------------------------------------------------------------------------*/
FoamFile
{
    version     2.0;
    format      ascii;
    class       volScalarField;
    location    "103.168276575899711";
    object      p;
}
// * * * * * * * * * * * * * * * * * * * * * * * * * * * * * * * * * * * * * //

dimensions      [0 2 -2 0 0 0 0];

internalField   nonuniform List<scalar> 
8400
(
-0.924202
-0.911606
-0.900025
-0.891056
-0.885211
-0.881996
-0.881104
-0.883045
-0.887408
-0.893393
-0.900018
-0.907151
-0.914513
-0.921448
-0.926995
-0.930015
-0.929215
-0.922978
-0.909969
-0.889202
-0.860111
-0.822541
-0.776632
-0.722676
-0.661046
-0.592394
-0.518014
-0.440145
-0.362128
-0.287647
-0.217664
-0.148565
-0.0745696
-0.00136238
0.0733884
0.145132
0.215533
0.280742
0.341786
0.39564
0.442631
0.480739
0.50984
0.528982
0.537799
0.536114
0.523977
0.501834
0.469712
0.429105
0.379613
0.324037
0.261352
0.195405
0.124513
0.0532919
-0.0204391
-0.0915554
-0.162731
-0.22787
-0.293098
-0.362157
-0.433834
-0.503869
-0.56845
-0.625035
-0.672143
-0.70905
-0.735396
-0.750946
-0.755727
-0.75026
-0.735863
-0.713733
-0.685561
-0.653526
-0.619931
-0.587161
-0.55706
-0.530586
-0.508205
-0.489831
-0.474969
-0.462969
-0.453291
-0.445711
-0.440835
-0.439142
-0.440875
-0.445936
-0.453527
-0.464639
-0.473242
-0.479264
-0.482301
-0.483469
-0.484582
-0.4885
-0.499174
-0.51968
-0.549316
-0.583335
-0.615834
-0.641397
-0.654512
-0.657795
-0.65665
-0.658901
-0.670985
-0.696025
-0.733245
-0.778488
-0.825933
-0.86959
-0.904488
-0.928737
-0.942467
-0.947504
-0.944492
-0.935966
-0.962719
-0.944985
-0.924117
-0.902987
-0.887381
-0.87664
-0.87149
-0.871012
-0.873869
-0.878541
-0.884681
-0.891519
-0.899022
-0.906965
-0.914639
-0.920906
-0.924254
-0.922835
-0.914574
-0.897709
-0.871116
-0.834342
-0.787446
-0.730797
-0.664958
-0.590842
-0.510205
-0.426246
-0.343391
-0.265017
-0.193571
-0.12688
-0.0568292
0.0125157
0.0835268
0.152246
0.219903
0.283075
0.3423
0.39489
0.440849
0.47832
0.506981
0.52593
0.534731
0.533197
0.521404
0.499748
0.468418
0.428746
0.380688
0.326691
0.266265
0.202733
0.135123
0.06736
-0.00211359
-0.0690055
-0.135974
-0.198854
-0.265915
-0.338923
-0.415413
-0.491454
-0.561927
-0.62309
-0.672925
-0.710473
-0.735263
-0.747172
-0.74662
-0.734588
-0.712434
-0.682449
-0.647436
-0.610486
-0.574554
-0.542011
-0.514259
-0.49179
-0.474501
-0.461527
-0.451856
-0.444509
-0.438906
-0.435134
-0.433224
-0.433176
-0.434426
-0.437087
-0.442053
-0.449824
-0.45846
-0.467141
-0.475512
-0.484102
-0.493183
-0.503419
-0.5171
-0.536571
-0.562163
-0.591089
-0.617294
-0.636313
-0.652749
-0.666549
-0.679675
-0.694486
-0.715686
-0.746148
-0.785924
-0.831602
-0.877572
-0.918536
-0.950919
-0.97327
-0.985723
-0.988891
-0.985327
-0.97837
-1.0075
-0.988498
-0.963631
-0.937294
-0.91145
-0.89012
-0.874583
-0.865945
-0.863409
-0.865337
-0.869484
-0.874975
-0.881346
-0.888548
-0.896338
-0.903824
-0.909237
-0.910384
-0.904852
-0.890384
-0.865208
-0.82831
-0.779464
-0.719085
-0.648118
-0.568137
-0.481709
-0.392707
-0.305783
-0.224831
-0.155821
-0.0933268
-0.0289195
0.0354178
0.100956
0.165264
0.228496
0.288325
0.344419
0.394778
0.438824
0.475048
0.502793
0.521295
0.530008
0.528743
0.517631
0.496952
0.467166
0.429285
0.38386
0.33269
0.27619
0.216648
0.15428
0.0915814
0.0283181
-0.0330217
-0.0938673
-0.152347
-0.216994
-0.292735
-0.373627
-0.455117
-0.531672
-0.598667
-0.653145
-0.693461
-0.718823
-0.729153
-0.72518
-0.708448
-0.681405
-0.647442
-0.610372
-0.573855
-0.54083
-0.513062
-0.491071
-0.474408
-0.461977
-0.452387
-0.444192
-0.436245
-0.427977
-0.419573
-0.411589
-0.404459
-0.398637
-0.394715
-0.394224
-0.398441
-0.407055
-0.420358
-0.438171
-0.460543
-0.486883
-0.516247
-0.547795
-0.580844
-0.614428
-0.647458
-0.678517
-0.70507
-0.724012
-0.738223
-0.750943
-0.765541
-0.784595
-0.81082
-0.84492
-0.884559
-0.925175
-0.961671
-0.990605
-1.01092
-1.02324
-1.02892
-1.02894
-1.02146
-0.990384
-0.990007
-0.978723
-0.961126
-0.936676
-0.911408
-0.887732
-0.869392
-0.85746
-0.852117
-0.85168
-0.85443
-0.859096
-0.865166
-0.872355
-0.879724
-0.885622
-0.88778
-0.88349
-0.870126
-0.845377
-0.807715
-0.756684
-0.692881
-0.617836
-0.533939
-0.444474
-0.353577
-0.265854
-0.185532
-0.120177
-0.062095
-0.00297629
0.0566886
0.117188
0.177213
0.236153
0.29254
0.345383
0.393315
0.435248
0.470051
0.496727
0.514697
0.523299
0.522356
0.51205
0.492524
0.464507
0.428655
0.386093
0.337989
0.285477
0.230026
0.172634
0.11482
0.0571635
0.000942946
-0.0542475
-0.108114
-0.168998
-0.244036
-0.325739
-0.409187
-0.488822
-0.559661
-0.617932
-0.661115
-0.687838
-0.697891
-0.692306
-0.67335
-0.644485
-0.610004
-0.574374
-0.541313
-0.513283
-0.49116
-0.474457
-0.461786
-0.451386
-0.44152
-0.43085
-0.418747
-0.405311
-0.392781
-0.382712
-0.376276
-0.373623
-0.374683
-0.379753
-0.387951
-0.399213
-0.414821
-0.437219
-0.468018
-0.506498
-0.550705
-0.598399
-0.647203
-0.694571
-0.73822
-0.776903
-0.809893
-0.834768
-0.849451
-0.855404
-0.856615
-0.857394
-0.861996
-0.873185
-0.89074
-0.912187
-0.934005
-0.952721
-0.966496
-0.975524
-0.98106
-0.984631
-0.987688
-0.878635
-0.903513
-0.919023
-0.926832
-0.923777
-0.913602
-0.89541
-0.874807
-0.855271
-0.841508
-0.833782
-0.831336
-0.832717
-0.836789
-0.842691
-0.849315
-0.854893
-0.857405
-0.85376
-0.841073
-0.816672
-0.778627
-0.726315
-0.660515
-0.583263
-0.497583
-0.407208
-0.316375
-0.229715
-0.151622
-0.0900929
-0.0364183
0.0180636
0.0734064
0.129542
0.185629
0.240774
0.293933
0.34381
0.389401
0.429342
0.462748
0.488397
0.505837
0.51433
0.513708
0.504185
0.485804
0.459461
0.425602
0.385698
0.340532
0.291605
0.239961
0.18691
0.133541
0.080666
0.0291195
-0.0211957
-0.0705202
-0.127493
-0.200081
-0.280535
-0.363732
-0.444051
-0.516387
-0.576477
-0.621146
-0.648532
-0.658327
-0.651921
-0.632308
-0.60376
-0.571133
-0.539032
-0.51086
-0.48834
-0.471414
-0.458792
-0.44852
-0.438705
-0.427899
-0.415539
-0.402037
-0.388796
-0.377643
-0.37007
-0.367225
-0.369832
-0.378921
-0.396417
-0.418475
-0.443511
-0.471588
-0.504544
-0.542555
-0.58511
-0.631801
-0.682345
-0.735819
-0.790221
-0.842705
-0.890108
-0.929726
-0.958933
-0.973874
-0.973392
-0.961088
-0.942471
-0.919297
-0.894146
-0.871503
-0.856361
-0.84928
-0.845814
-0.842574
-0.839243
-0.83749
-0.841197
-0.855148
-0.657041
-0.710781
-0.760447
-0.802425
-0.832204
-0.849643
-0.854477
-0.849559
-0.838806
-0.825295
-0.813691
-0.806334
-0.803746
-0.804972
-0.808718
-0.813826
-0.819
-0.822228
-0.819197
-0.807197
-0.783442
-0.745711
-0.693198
-0.626773
-0.54881
-0.46276
-0.372658
-0.282891
-0.198215
-0.122928
-0.0650709
-0.0156082
0.0346776
0.086043
0.138266
0.190751
0.242482
0.292649
0.339831
0.383202
0.421301
0.453362
0.478053
0.494981
0.503364
0.503045
0.494242
0.476955
0.452142
0.420192
0.382714
0.340299
0.294602
0.246444
0.197266
0.1479
0.0992654
0.051954
0.00599171
-0.0390391
-0.092301
-0.161836
-0.240019
-0.32186
-0.401585
-0.473917
-0.534287
-0.579113
-0.606259
-0.615479
-0.608581
-0.589213
-0.56222
-0.532672
-0.504937
-0.481761
-0.464017
-0.450872
-0.440686
-0.43151
-0.42204
-0.411635
-0.400929
-0.39114
-0.384291
-0.381828
-0.385071
-0.394243
-0.409768
-0.429389
-0.453433
-0.471544
-0.496485
-0.532013
-0.574435
-0.620936
-0.670322
-0.722418
-0.777158
-0.83403
-0.891816
-0.948509
-1.00004
-1.04278
-1.07312
-1.08774
-1.08299
-1.05759
-1.0203
-0.969135
-0.909448
-0.847673
-0.789839
-0.738564
-0.695118
-0.659424
-0.629682
-0.606729
-0.597947
-0.614597
-0.377863
-0.447072
-0.522583
-0.59543
-0.6608
-0.713122
-0.750665
-0.772819
-0.782212
-0.782505
-0.778325
-0.773633
-0.770892
-0.770935
-0.773501
-0.777638
-0.781885
-0.784012
-0.782487
-0.771455
-0.748654
-0.711781
-0.659835
-0.593701
-0.515962
-0.430373
-0.341236
-0.253151
-0.170971
-0.0987368
-0.0444098
0.00118932
0.0476387
0.0953569
0.144012
0.193179
0.241791
0.289171
0.333872
0.375137
0.411514
0.442273
0.46606
0.482487
0.490759
0.490722
0.48258
0.466333
0.442933
0.41281
0.377569
0.33773
0.294978
0.250025
0.204352
0.158617
0.113804
0.0703098
0.0282794
-0.0128669
-0.0625832
-0.12882
-0.204186
-0.284021
-0.362453
-0.433966
-0.493729
-0.537914
-0.564289
-0.572795
-0.565682
-0.547127
-0.522285
-0.496184
-0.472702
-0.45375
-0.439427
-0.428463
-0.41936
-0.41067
-0.402109
-0.393881
-0.387709
-0.384807
-0.387514
-0.395978
-0.411879
-0.433443
-0.462542
-0.49497
-0.533351
-0.563582
-0.59273
-0.62591
-0.664108
-0.707648
-0.756806
-0.811004
-0.868776
-0.928161
-0.987059
-1.04955
-1.09867
-1.13805
-1.16383
-1.17256
-1.16196
-1.13115
-1.07485
-1.00264
-0.916538
-0.819631
-0.719935
-0.629152
-0.553675
-0.4869
-0.423392
-0.368639
-0.33336
-0.33386
-0.150516
-0.203886
-0.279228
-0.362156
-0.447172
-0.527004
-0.595609
-0.648992
-0.686252
-0.709202
-0.721378
-0.727078
-0.730001
-0.732655
-0.736194
-0.740568
-0.744801
-0.746996
-0.744813
-0.735469
-0.71395
-0.67826
-0.627323
-0.562015
-0.485053
-0.400437
-0.312736
-0.226775
-0.147431
-0.0783948
-0.0274631
0.0146067
0.0575636
0.10193
0.147316
0.193409
0.239142
0.283915
0.326312
0.365581
0.400328
0.429828
0.452748
0.468683
0.476837
0.477058
0.469528
0.454268
0.432194
0.403814
0.370653
0.333222
0.293177
0.251184
0.208703
0.166281
0.124917
0.084872
0.0463685
0.00871936
-0.0376005
-0.100398
-0.172592
-0.24997
-0.326658
-0.3969
-0.455607
-0.498789
-0.524223
-0.532098
-0.525073
-0.507697
-0.485218
-0.462448
-0.442593
-0.4268
-0.414608
-0.404736
-0.396111
-0.388083
-0.381249
-0.376429
-0.375604
-0.379414
-0.389673
-0.405216
-0.427258
-0.452504
-0.48268
-0.51273
-0.547296
-0.582171
-0.618859
-0.660242
-0.706295
-0.755531
-0.806735
-0.859278
-0.912624
-0.965819
-1.01723
-1.06438
-1.10362
-1.13195
-1.14627
-1.14396
-1.12329
-1.08359
-1.02512
-0.949617
-0.85862
-0.755815
-0.648109
-0.538782
-0.435975
-0.347833
-0.274265
-0.210279
-0.157861
-0.132459
-0.0216406
-0.0416655
-0.0907066
-0.16178
-0.245214
-0.333512
-0.419907
-0.497157
-0.560414
-0.608319
-0.641907
-0.664042
-0.678397
-0.688194
-0.695728
-0.702185
-0.707506
-0.71045
-0.708889
-0.700363
-0.680076
-0.645711
-0.596046
-0.531885
-0.456054
-0.372769
-0.286863
-0.203361
-0.127078
-0.061309
-0.0136299
0.0252048
0.0649742
0.106256
0.14863
0.191861
0.234917
0.277241
0.317476
0.354853
0.388047
0.416328
0.438406
0.453855
0.461883
0.462337
0.45538
0.441054
0.420239
0.393517
0.362303
0.327122
0.289584
0.250332
0.210778
0.171389
0.133148
0.096223
0.0608889
0.0264022
-0.0166782
-0.0759759
-0.144774
-0.219364
-0.29398
-0.362666
-0.42009
-0.462147
-0.486671
-0.494104
-0.487448
-0.47147
-0.451381
-0.431568
-0.414555
-0.400946
-0.390015
-0.380816
-0.37275
-0.365951
-0.361366
-0.360063
-0.363306
-0.371142
-0.383968
-0.400271
-0.418838
-0.43696
-0.455242
-0.470773
-0.490698
-0.517364
-0.55072
-0.590352
-0.634357
-0.680589
-0.727419
-0.773846
-0.819064
-0.862084
-0.90146
-0.935339
-0.961598
-0.978059
-0.982663
-0.973538
-0.949274
-0.90899
-0.852969
-0.782923
-0.702215
-0.615814
-0.523501
-0.430318
-0.342163
-0.262142
-0.187102
-0.118064
-0.0612166
-0.0262535
0.0428535
0.0417981
0.0223368
-0.0203055
-0.0854705
-0.165606
-0.252978
-0.340625
-0.421193
-0.489756
-0.544523
-0.585695
-0.615239
-0.63602
-0.650769
-0.661585
-0.669446
-0.673977
-0.673579
-0.665581
-0.647109
-0.614284
-0.56607
-0.503281
-0.428843
-0.347174
-0.263351
-0.182552
-0.109463
-0.0469723
-0.00239778
0.0334659
0.0703153
0.108752
0.148341
0.188898
0.229447
0.269458
0.307649
0.343229
0.374936
0.402039
0.423293
0.43826
0.446153
0.446815
0.440396
0.426957
0.407345
0.382195
0.352808
0.319734
0.284532
0.24783
0.21097
0.174363
0.138959
0.104864
0.0723879
0.0407655
0.000763802
-0.0550382
-0.120316
-0.191882
-0.264179
-0.331105
-0.387121
-0.428033
-0.451744
-0.458941
-0.452877
-0.438405
-0.420555
-0.403168
-0.388343
-0.376259
-0.366193
-0.357692
-0.350561
-0.345439
-0.343094
-0.344323
-0.349314
-0.357663
-0.368125
-0.378531
-0.387965
-0.394735
-0.398584
-0.399735
-0.404457
-0.419744
-0.444938
-0.476685
-0.511481
-0.54702
-0.582185
-0.616551
-0.64981
-0.681349
-0.710125
-0.734748
-0.753464
-0.764471
-0.765952
-0.756542
-0.735261
-0.701991
-0.65747
-0.603211
-0.540971
-0.472392
-0.399389
-0.324786
-0.252065
-0.183618
-0.120453
-0.0621736
-0.0100109
0.0304879
0.0721848
0.0816859
0.0794914
0.0612137
0.0217771
-0.0379547
-0.112991
-0.197347
-0.283986
-0.36551
-0.436922
-0.495899
-0.541782
-0.575842
-0.600407
-0.617851
-0.629934
-0.637175
-0.638683
-0.632253
-0.615139
-0.583958
-0.537334
-0.476103
-0.403278
-0.323463
-0.241957
-0.164033
-0.0941985
-0.0349517
0.0066695
0.0397998
0.0739658
0.109769
0.146774
0.184829
0.223017
0.260836
0.297084
0.33095
0.361228
0.387192
0.407637
0.422123
0.429871
0.430718
0.424808
0.412212
0.39375
0.37009
0.342421
0.311327
0.278313
0.243987
0.209616
0.175564
0.142746
0.111229
0.0813369
0.0523144
0.0152285
-0.0371334
-0.0988469
-0.167238
-0.23703
-0.302039
-0.356571
-0.396343
-0.419347
-0.426476
-0.421141
-0.408189
-0.392397
-0.377276
-0.36403
-0.352959
-0.343705
-0.33608
-0.330071
-0.32633
-0.325106
-0.326717
-0.330416
-0.335335
-0.33967
-0.342227
-0.341721
-0.337638
-0.330215
-0.321245
-0.316889
-0.324466
-0.343179
-0.36806
-0.394895
-0.421618
-0.44771
-0.473268
-0.498368
-0.522557
-0.544908
-0.564053
-0.578604
-0.587232
-0.5888
-0.58247
-0.567682
-0.544212
-0.511853
-0.47099
-0.422207
-0.36705
-0.307367
-0.245735
-0.184347
-0.125207
-0.0699588
-0.0194739
0.023716
0.0576042
0.0508433
0.0790447
0.0942944
0.0969005
0.0819269
0.0462569
-0.00865895
-0.0792384
-0.16082
-0.246191
-0.327691
-0.40029
-0.461003
-0.508733
-0.544526
-0.570399
-0.588326
-0.599487
-0.60369
-0.599339
-0.584031
-0.554623
-0.509732
-0.450232
-0.379214
-0.301461
-0.222458
-0.147523
-0.0809492
-0.0248783
0.0139411
0.0445527
0.0762458
0.109604
0.144206
0.179914
0.215875
0.251609
0.285999
0.318223
0.347125
0.371986
0.391637
0.405644
0.413237
0.414248
0.408819
0.397025
0.379663
0.357413
0.331365
0.302135
0.271177
0.239071
0.207003
0.175303
0.144853
0.115689
0.0881412
0.0614844
0.0271505
-0.0218664
-0.0800303
-0.145164
-0.212317
-0.27529
-0.328284
-0.366923
-0.389313
-0.396488
-0.391925
-0.380383
-0.366391
-0.352781
-0.340796
-0.330673
-0.322215
-0.315345
-0.310101
-0.306825
-0.305257
-0.305187
-0.305328
-0.304835
-0.302102
-0.296563
-0.287452
-0.275316
-0.261108
-0.247462
-0.240051
-0.244731
-0.260344
-0.281492
-0.304028
-0.326272
-0.348132
-0.370025
-0.392177
-0.414357
-0.435959
-0.455775
-0.4724
-0.484207
-0.489983
-0.488609
-0.479393
-0.461652
-0.435228
-0.400487
-0.35856
-0.311212
-0.260576
-0.208757
-0.157445
-0.108741
-0.0641882
-0.0256414
0.00633489
0.0309698
-0.024855
0.0118706
0.0461259
0.0743814
0.0923264
0.0868052
0.0567322
0.00620137
-0.0608326
-0.140508
-0.224565
-0.305096
-0.376939
-0.436878
-0.483964
-0.519214
-0.54427
-0.560512
-0.5683
-0.566622
-0.553366
-0.526106
-0.483146
-0.42555
-0.356516
-0.281004
-0.204652
-0.132769
-0.0694242
-0.0164376
0.0197297
0.0480162
0.0774251
0.108509
0.140868
0.174372
0.208229
0.241976
0.274585
0.30523
0.332802
0.356594
0.375467
0.388995
0.396422
0.397579
0.392605
0.381576
0.365264
0.344347
0.31983
0.292365
0.263343
0.233311
0.203375
0.173847
0.145574
0.118564
0.0931501
0.0686513
0.0369045
-0.00888948
-0.0635631
-0.125415
-0.189834
-0.250689
-0.302096
-0.339609
-0.361456
-0.36872
-0.364887
-0.354632
-0.342059
-0.329746
-0.318784
-0.309373
-0.301451
-0.29492
-0.289753
-0.285813
-0.282512
-0.279192
-0.274548
-0.267991
-0.258437
-0.246149
-0.231046
-0.214492
-0.197766
-0.183622
-0.17654
-0.180773
-0.194988
-0.214331
-0.235499
-0.257353
-0.279814
-0.303288
-0.327826
-0.352999
-0.377713
-0.400706
-0.420692
-0.436464
-0.447039
-0.451325
-0.448622
-0.438012
-0.419395
-0.393106
-0.360514
-0.323279
-0.283088
-0.241536
-0.19996
-0.16027
-0.124046
-0.0928463
-0.0659194
-0.0461393
-0.0991435
-0.0666228
-0.0305812
0.00622414
0.0455334
0.0762657
0.078994
0.0546459
0.00868272
-0.0560254
-0.133934
-0.215903
-0.293989
-0.363126
-0.420321
-0.464937
-0.497813
-0.520062
-0.532277
-0.533923
-0.52329
-0.498288
-0.457472
-0.401945
-0.335058
-0.261942
-0.188353
-0.119552
-0.0593724
-0.00936211
0.0243
0.0504355
0.0777298
0.106694
0.136954
0.168385
0.200252
0.232106
0.263004
0.292128
0.31841
0.341164
0.359275
0.372326
0.379579
0.380864
0.376319
0.366016
0.350705
0.331052
0.307986
0.282192
0.254995
0.226899
0.198943
0.171427
0.145159
0.120129
0.096665
0.074136
0.0448121
0.00210272
-0.0491732
-0.107759
-0.16939
-0.228071
-0.277845
-0.314246
-0.335582
-0.342916
-0.339742
-0.330592
-0.319232
-0.307947
-0.29769
-0.28869
-0.280907
-0.274157
-0.268223
-0.26258
-0.256505
-0.249086
-0.239401
-0.2272
-0.212183
-0.195354
-0.177082
-0.159199
-0.14263
-0.129883
-0.124246
-0.12922
-0.143744
-0.163461
-0.185288
-0.208304
-0.232674
-0.258929
-0.287449
-0.318223
-0.349972
-0.380999
-0.409281
-0.433769
-0.453424
-0.467444
-0.474392
-0.473048
-0.463147
-0.444963
-0.419987
-0.389304
-0.354766
-0.317425
-0.278946
-0.24196
-0.206937
-0.175767
-0.147332
-0.12017
-0.120295
-0.0884999
-0.0574994
-0.0269161
0.00875048
0.0518376
0.0795979
0.0786166
0.0516918
0.00460414
-0.0603615
-0.136946
-0.216044
-0.290514
-0.355587
-0.408706
-0.449414
-0.478199
-0.495508
-0.501047
-0.493489
-0.471073
-0.432612
-0.379317
-0.314728
-0.244139
-0.173395
-0.107675
-0.0505785
-0.00342486
0.0278758
0.0520174
0.0773485
0.104335
0.132628
0.162105
0.192088
0.222137
0.251393
0.279049
0.30408
0.325822
0.343187
0.355763
0.362834
0.364232
0.360093
0.350479
0.33612
0.317663
0.295975
0.271767
0.246289
0.220002
0.193887
0.16824
0.143828
0.120622
0.0989423
0.0782093
0.0511473
0.0113777
-0.0366178
-0.0919826
-0.150809
-0.207279
-0.255381
-0.29068
-0.311494
-0.318861
-0.316272
-0.308062
-0.297669
-0.287103
-0.277225
-0.268284
-0.260164
-0.25256
-0.245048
-0.236961
-0.227534
-0.21592
-0.20174
-0.185104
-0.166511
-0.147282
-0.128058
-0.110696
-0.0953531
-0.0843701
-0.0798328
-0.0852043
-0.099432
-0.119525
-0.143468
-0.170056
-0.199673
-0.233866
-0.273363
-0.316603
-0.360819
-0.40373
-0.444392
-0.482546
-0.516787
-0.544898
-0.564149
-0.573165
-0.570751
-0.557616
-0.534492
-0.502994
-0.464819
-0.421176
-0.375486
-0.327595
-0.282864
-0.237815
-0.19672
-0.155524
-0.118235
-0.0695496
-0.0326354
-0.0076508
0.0129809
0.0419163
0.0767499
0.0923728
0.0802936
0.0468557
-0.00415356
-0.0705771
-0.14581
-0.22171
-0.291818
-0.351886
-0.399852
-0.435245
-0.458057
-0.467943
-0.463855
-0.444364
-0.408478
-0.357577
-0.295424
-0.227472
-0.159632
-0.096968
-0.042858
0.00156497
0.0306456
0.0529358
0.0764391
0.101578
0.128025
0.15566
0.183857
0.212185
0.239865
0.266106
0.28992
0.310677
0.327312
0.339416
0.346298
0.347794
0.344035
0.335075
0.321622
0.304299
0.28392
0.261217
0.237357
0.21276
0.188362
0.164457
0.141765
0.120243
0.100197
0.081098
0.0561458
0.0191686
-0.0256803
-0.077891
-0.133926
-0.188158
-0.23456
-0.268756
-0.288999
-0.296383
-0.294288
-0.286823
-0.277139
-0.266971
-0.257144
-0.247879
-0.238912
-0.229838
-0.220163
-0.209242
-0.19637
-0.181083
-0.163481
-0.144005
-0.123655
-0.10366
-0.0849001
-0.068747
-0.0545068
-0.0445145
-0.0389761
-0.044821
-0.0626078
-0.087941
-0.117414
-0.15159
-0.193047
-0.242302
-0.297096
-0.354472
-0.413031
-0.472355
-0.532283
-0.590963
-0.645545
-0.692047
-0.72713
-0.748288
-0.754666
-0.746453
-0.723999
-0.688252
-0.639486
-0.580976
-0.514756
-0.445469
-0.374044
-0.303096
-0.237715
-0.171013
-0.18034
-0.0931428
-0.0273224
0.0138821
0.0353213
0.0582625
0.0836841
0.104513
0.10316
0.0791271
0.0383924
-0.0169953
-0.0848986
-0.158619
-0.230848
-0.295882
-0.350072
-0.391728
-0.42015
-0.434682
-0.434358
-0.418053
-0.384993
-0.336647
-0.277055
-0.211832
-0.14693
-0.0872833
-0.0360544
0.00576648
0.0327654
0.0533365
0.0751337
0.0985417
0.123257
0.149153
0.175657
0.202344
0.228511
0.253389
0.276022
0.295817
0.311736
0.323373
0.330062
0.331641
0.328239
0.319898
0.307305
0.291059
0.271925
0.250648
0.228308
0.205293
0.182501
0.160223
0.139131
0.119163
0.100606
0.0829955
0.0600124
0.0256787
-0.0161659
-0.0653087
-0.118589
-0.170561
-0.215255
-0.248327
-0.267944
-0.275308
-0.27359
-0.266687
-0.257432
-0.24734
-0.237263
-0.227278
-0.216971
-0.205978
-0.193852
-0.180005
-0.164025
-0.146
-0.126303
-0.105586
-0.0848756
-0.0652833
-0.0478863
-0.033198
-0.0206635
-0.0127261
-0.00866454
-0.020036
-0.0428045
-0.0715861
-0.106573
-0.150349
-0.203556
-0.264142
-0.329355
-0.397584
-0.4681
-0.540364
-0.613838
-0.686781
-0.75631
-0.817751
-0.866849
-0.900275
-0.916893
-0.915805
-0.897316
-0.861289
-0.808949
-0.742438
-0.665664
-0.584285
-0.500346
-0.421211
-0.337504
-0.274673
-0.294086
-0.196139
-0.0902363
-0.0273539
0.0286871
0.0663632
0.0910767
0.111656
0.118877
0.104447
0.0724189
0.0259318
-0.033665
-0.102529
-0.174183
-0.242023
-0.30106
-0.348283
-0.382125
-0.401422
-0.405073
-0.392037
-0.362082
-0.31646
-0.259543
-0.197121
-0.135176
-0.0784919
-0.0300352
0.00931127
0.034363
0.05334
0.0735427
0.0953261
0.118413
0.142668
0.167568
0.19269
0.217406
0.240973
0.262461
0.281317
0.296535
0.307711
0.314202
0.315851
0.312781
0.305024
0.293248
0.278023
0.260074
0.240148
0.219236
0.197703
0.176416
0.155663
0.136058
0.117518
0.100319
0.0840712
0.0629269
0.0310871
-0.00790126
-0.0540791
-0.104652
-0.154359
-0.197346
-0.229252
-0.24823
-0.255432
-0.25399
-0.247484
-0.238352
-0.228065
-0.217472
-0.206352
-0.19434
-0.181254
-0.166597
-0.149974
-0.131594
-0.111954
-0.0914503
-0.0707952
-0.0510438
-0.033224
-0.0177716
-0.00498627
0.00358651
0.00633585
0.0058558
-0.00873664
-0.0313463
-0.0601107
-0.0970551
-0.143187
-0.19788
-0.258646
-0.323197
-0.390769
-0.460853
-0.533175
-0.607233
-0.681077
-0.751287
-0.813928
-0.865327
-0.902752
-0.924462
-0.929512
-0.917718
-0.889311
-0.845741
-0.789084
-0.722239
-0.648703
-0.572981
-0.502917
-0.437629
-0.387592
-0.339353
-0.275529
-0.189147
-0.11343
-0.0269796
0.0305394
0.0734774
0.102889
0.120049
0.118674
0.0974193
0.0598848
0.00847283
-0.0541704
-0.122984
-0.191486
-0.253752
-0.30557
-0.344386
-0.36838
-0.376131
-0.366508
-0.339717
-0.296968
-0.242822
-0.183254
-0.124268
-0.0704832
-0.0246877
0.0123081
0.0355412
0.0530432
0.0717572
0.0920132
0.113566
0.136275
0.159654
0.183285
0.206609
0.228915
0.249296
0.267236
0.281768
0.292487
0.298777
0.300485
0.297724
0.290518
0.279518
0.265262
0.248437
0.229788
0.210219
0.190076
0.170204
0.150879
0.132652
0.115422
0.0994666
0.0844747
0.0650474
0.0355497
-0.000732122
-0.044061
-0.0919838
-0.139441
-0.18071
-0.21141
-0.229734
-0.23669
-0.235389
-0.229053
-0.219753
-0.209098
-0.197676
-0.185056
-0.171266
-0.156089
-0.138926
-0.120034
-0.100217
-0.0799051
-0.0595778
-0.0403684
-0.0231324
-0.00818753
0.00378332
0.0115358
0.0144427
0.0143127
0.0129124
6.74185e-05
-0.0178745
-0.0410639
-0.0707533
-0.107977
-0.153206
-0.205066
-0.261552
-0.321153
-0.382685
-0.445149
-0.50732
-0.567451
-0.623218
-0.672004
-0.711362
-0.739531
-0.75546
-0.758682
-0.74945
-0.728557
-0.697532
-0.657635
-0.609814
-0.554439
-0.495111
-0.441038
-0.403779
-0.380554
-0.267025
-0.259585
-0.23232
-0.177413
-0.105775
-0.0373899
0.0264035
0.0698861
0.102045
0.116784
0.110052
0.0838891
0.0415975
-0.0137443
-0.0779735
-0.145181
-0.208977
-0.264237
-0.307363
-0.335788
-0.347628
-0.341642
-0.317946
-0.278137
-0.226833
-0.170158
-0.114117
-0.0631623
-0.0199166
0.014848
0.0363832
0.0525229
0.0698501
0.0886706
0.108777
0.130024
0.151965
0.174175
0.196165
0.217261
0.236574
0.253622
0.267481
0.277751
0.283838
0.285592
0.283117
0.276431
0.266165
0.252829
0.237072
0.219627
0.20132
0.182484
0.163946
0.145957
0.129002
0.112972
0.0981646
0.0843373
0.0665081
0.0392028
0.00547781
-0.0351271
-0.0804641
-0.125701
-0.16524
-0.194695
-0.212333
-0.218974
-0.217692
-0.211244
-0.201592
-0.190409
-0.177774
-0.163562
-0.14814
-0.130832
-0.111495
-0.091292
-0.0708288
-0.0503874
-0.0313255
-0.0150471
-0.0017057
0.00847218
0.0150418
0.0202971
0.0232196
0.0244727
0.0240721
0.016482
0.00212842
-0.0154907
-0.0391627
-0.0691558
-0.105595
-0.147826
-0.194398
-0.243493
-0.293412
-0.342434
-0.388881
-0.431272
-0.468155
-0.498331
-0.520731
-0.534506
-0.539665
-0.536483
-0.525679
-0.507902
-0.484576
-0.45692
-0.425197
-0.388235
-0.345503
-0.301005
-0.267597
-0.260194
-0.166822
-0.184148
-0.191453
-0.178615
-0.144465
-0.0915073
-0.0319807
0.023367
0.0683978
0.0993172
0.108491
0.0962781
0.0650972
0.0183514
-0.0395845
-0.10375
-0.167455
-0.224885
-0.271492
-0.303919
-0.319683
-0.317307
-0.296785
-0.259952
-0.211534
-0.15777
-0.104648
-0.0564474
-0.0156407
0.0170081
0.0369574
0.0518396
0.0678783
0.0853519
0.104092
0.123958
0.144538
0.165399
0.186109
0.206044
0.224327
0.240509
0.253712
0.263539
0.269421
0.271209
0.268999
0.262801
0.253233
0.240767
0.226022
0.209714
0.192593
0.174988
0.157705
0.140962
0.125178
0.110255
0.0965153
0.0837701
0.0674218
0.042164
0.0108467
-0.0271593
-0.0699868
-0.113045
-0.15085
-0.179012
-0.195926
-0.202192
-0.20076
-0.193968
-0.183892
-0.17189
-0.157813
-0.142249
-0.125207
-0.105855
-0.0852934
-0.064703
-0.0439187
-0.0241155
-0.00744622
0.00561933
0.0159192
0.0241912
0.0329222
0.0340243
0.0321213
0.0218219
0.024182
0.0266167
0.0175823
0.000809382
-0.0231529
-0.0529596
-0.0866682
-0.123453
-0.161422
-0.199982
-0.237025
-0.271556
-0.301999
-0.327469
-0.34731
-0.361166
-0.369102
-0.371207
-0.367159
-0.357422
-0.343102
-0.326018
-0.307277
-0.287633
-0.266927
-0.243368
-0.215141
-0.183269
-0.155039
-0.1473
-0.0987753
-0.11862
-0.136596
-0.143315
-0.136613
-0.109983
-0.0688032
-0.0185766
0.0299769
0.0709332
0.0944168
0.0969684
0.0784567
0.0419309
-0.00877109
-0.0678497
-0.129795
-0.188049
-0.237194
-0.273047
-0.292463
-0.293571
-0.276243
-0.242407
-0.196889
-0.146038
-0.0957953
-0.0502685
-0.011791
0.0188547
0.0373214
0.0510412
0.0658846
0.0820985
0.0995499
0.118107
0.137401
0.156982
0.176468
0.195288
0.212582
0.227924
0.240485
0.249877
0.255553
0.257366
0.255399
0.24966
0.240751
0.22911
0.215322
0.200086
0.184081
0.167637
0.151533
0.135948
0.121241
0.107346
0.0946062
0.0828644
0.0678818
0.0445329
0.0154804
-0.0200511
-0.0604579
-0.101384
-0.137453
-0.164279
-0.180217
-0.18623
-0.184474
-0.177243
-0.166605
-0.153474
-0.138095
-0.121371
-0.102598
-0.0819268
-0.0612871
-0.0406265
-0.0201047
-0.00238554
0.0114267
0.022742
0.032253
0.0379169
0.0308572
0.0118127
-0.0107409
-0.0256411
0.0129716
0.00738703
-0.00427606
-0.0230832
-0.0488143
-0.0787541
-0.110932
-0.143293
-0.175003
-0.204226
-0.230179
-0.250876
-0.265948
-0.275163
-0.27874
-0.277431
-0.271719
-0.262848
-0.251909
-0.238979
-0.224168
-0.207911
-0.191556
-0.175364
-0.159645
-0.144327
-0.128042
-0.109383
-0.091543
-0.0858199
-0.0546163
-0.0710289
-0.0898127
-0.103825
-0.109531
-0.102177
-0.0821648
-0.045897
-0.00299157
0.0397384
0.0720937
0.0877668
0.082172
0.0570154
0.0152476
-0.0377451
-0.0964124
-0.154154
-0.204837
-0.243421
-0.26613
-0.270535
-0.256348
-0.225502
-0.182871
-0.134915
-0.087503
-0.0445649
-0.00830915
0.0204432
0.037524
0.0501663
0.0639009
0.07894
0.0951781
0.112497
0.130573
0.148941
0.167257
0.185009
0.201352
0.215883
0.22782
0.236784
0.242253
0.244081
0.242337
0.237029
0.228744
0.217881
0.204999
0.190772
0.175818
0.160467
0.145471
0.130957
0.117245
0.104313
0.0925101
0.0816927
0.0679641
0.0463958
0.0194731
-0.0137096
-0.0517895
-0.0906345
-0.124963
-0.150441
-0.165512
-0.171017
-0.168816
-0.161072
-0.149639
-0.135315
-0.118918
-0.100967
-0.0807824
-0.0599966
-0.0397805
-0.0192765
-0.000833074
0.0126319
0.0223789
0.0287796
0.0255267
0.00387532
-0.0315486
-0.0572605
-0.0709386
-0.0922366
-0.0881768
-0.096058
-0.106121
-0.123614
-0.14778
-0.173379
-0.199383
-0.222925
-0.244817
-0.262943
-0.27486
-0.279508
-0.276485
-0.267146
-0.253675
-0.236895
-0.218713
-0.199041
-0.179445
-0.160423
-0.142721
-0.126673
-0.113229
-0.10259
-0.0928503
-0.0821471
-0.0702197
-0.0584358
-0.0485279
-0.0456598
-0.0264827
-0.0377181
-0.0532737
-0.0685759
-0.0797901
-0.0825324
-0.0732639
-0.0555697
-0.0246817
0.012758
0.0473775
0.0716805
0.0778411
0.0641038
0.0320794
-0.0137218
-0.0676548
-0.123537
-0.174718
-0.215286
-0.240832
-0.248303
-0.237145
-0.209241
-0.169465
-0.124361
-0.0797241
-0.0392862
-0.00514633
0.0218189
0.0376048
0.0492464
0.0619511
0.075897
0.0909962
0.107143
0.124065
0.141286
0.158488
0.175214
0.190646
0.204396
0.215725
0.224271
0.229533
0.231366
0.229826
0.224923
0.217227
0.207098
0.195071
0.181795
0.167828
0.153509
0.139548
0.126025
0.113239
0.101213
0.0902843
0.0803127
0.0677328
0.0478275
0.0229063
-0.00805119
-0.0439032
-0.0807204
-0.1133
-0.137437
-0.151615
-0.156506
-0.15379
-0.145397
-0.133021
-0.117669
-0.10037
-0.0812465
-0.0605692
-0.0404804
-0.0207604
-0.00204909
0.0113704
0.0188675
0.0222134
0.0153868
-0.00924571
-0.0427138
-0.0689596
-0.0748276
-0.111877
-0.156676
-0.192982
-0.227825
-0.25778
-0.294178
-0.328642
-0.360601
-0.380629
-0.392386
-0.397732
-0.3988
-0.393367
-0.376675
-0.34998
-0.315234
-0.277631
-0.239998
-0.204407
-0.172013
-0.142683
-0.116884
-0.0945262
-0.0757134
-0.0601
-0.0489998
-0.0431206
-0.0402546
-0.0359036
-0.02842
-0.0214354
-0.0199792
-0.0113818
-0.0173098
-0.0273055
-0.0401778
-0.0530786
-0.0619017
-0.0624883
-0.0537878
-0.0354829
-0.00680836
0.0252623
0.0526999
0.0676355
0.0644642
0.0423489
0.00446259
-0.0437803
-0.0963965
-0.147078
-0.188874
-0.216729
-0.22698
-0.218671
-0.193628
-0.156658
-0.114346
-0.0724154
-0.0343907
-0.00226283
0.0230184
0.0375956
0.0483069
0.0600535
0.0729826
0.0870161
0.102055
0.117886
0.134022
0.150163
0.165907
0.180467
0.193464
0.204205
0.212342
0.217397
0.219227
0.217873
0.213351
0.206209
0.196772
0.185551
0.173169
0.160133
0.146784
0.133791
0.121183
0.109262
0.0980913
0.0879738
0.0787717
0.067244
0.0488939
0.0258519
-0.00300126
-0.0367305
-0.0715689
-0.102383
-0.125215
-0.138463
-0.142684
-0.139367
-0.130195
-0.116891
-0.100683
-0.0825527
-0.0627303
-0.0424815
-0.0234065
-0.00513289
0.00908687
0.0158455
0.0175715
0.0123476
-0.00749567
-0.0344038
-0.0546912
-0.0615588
-0.0780688
-0.126266
-0.203921
-0.285156
-0.351202
-0.419873
-0.48526
-0.54553
-0.592062
-0.618162
-0.619139
-0.604406
-0.581314
-0.553353
-0.515964
-0.465885
-0.405996
-0.341218
-0.279353
-0.223841
-0.17701
-0.137923
-0.105807
-0.079574
-0.058913
-0.0432158
-0.0318478
-0.02386
-0.0185571
-0.0155876
-0.0127169
-0.00886962
-0.00772141
-0.00162475
-0.00515255
-0.0108449
-0.019779
-0.0305195
-0.0407081
-0.0472012
-0.0461658
-0.0364262
-0.0184612
0.00806672
0.0346961
0.0542891
0.0595705
0.046984
0.0172527
-0.024764
-0.0727581
-0.122105
-0.164388
-0.193972
-0.206647
-0.200957
-0.178679
-0.144437
-0.104846
-0.0655403
-0.0298412
0.000372777
0.0240704
0.0375214
0.0473681
0.0582218
0.0702051
0.0832438
0.0972387
0.112035
0.127149
0.142281
0.157086
0.17081
0.183085
0.193258
0.200996
0.205846
0.207664
0.206481
0.202314
0.195694
0.186908
0.176446
0.164906
0.152743
0.140307
0.128216
0.116458
0.105349
0.0949831
0.0856133
0.077111
0.0665499
0.0496526
0.0283741
0.00150523
-0.0302114
-0.0631087
-0.0921605
-0.113729
-0.126004
-0.129527
-0.125514
-0.115508
-0.101384
-0.08446
-0.065725
-0.0458972
-0.0267154
-0.00915264
0.00592981
0.0141483
0.0155132
0.0126581
-0.000378122
-0.0231231
-0.0386554
-0.0414656
-0.0479241
-0.0872406
-0.1677
-0.255277
-0.381291
-0.432897
-0.535225
-0.604549
-0.67786
-0.730167
-0.758262
-0.758028
-0.734417
-0.699903
-0.658606
-0.608466
-0.543467
-0.465576
-0.381974
-0.303259
-0.235543
-0.180574
-0.136948
-0.102787
-0.0763424
-0.0564773
-0.0423874
-0.0332258
-0.0276571
-0.0235973
-0.0192159
-0.0138968
-0.00632823
-0.000453335
0.00471667
0.0030976
-0.000540905
-0.00569095
-0.0136827
-0.0224893
-0.0310601
-0.0352762
-0.0322274
-0.0214996
-0.00332274
0.0199371
0.0406771
0.0513186
0.0470063
0.0253908
-0.0101238
-0.0545276
-0.100141
-0.141966
-0.172654
-0.187385
-0.184057
-0.164407
-0.132793
-0.0958368
-0.0590702
-0.0256059
0.00278671
0.0249969
0.037401
0.0464453
0.0564665
0.0675693
0.079681
0.0926945
0.106513
0.12066
0.134837
0.148745
0.161669
0.173253
0.182878
0.190227
0.194873
0.196674
0.195644
0.191811
0.185681
0.177506
0.16776
0.15701
0.145668
0.13409
0.122839
0.111869
0.101527
0.0919149
0.0832309
0.0753676
0.065697
0.0501546
0.0305318
0.00552074
-0.0242867
-0.0552768
-0.0826029
-0.102873
-0.114194
-0.117006
-0.11222
-0.101413
-0.0866067
-0.0691296
-0.050192
-0.0310385
-0.0134165
0.00180696
0.0125211
0.0156724
0.0140931
0.00731248
-0.00978671
-0.0248342
-0.0216617
-0.0319838
-0.0667637
-0.111378
-0.246696
-0.301455
-0.362691
-0.420234
-0.495708
-0.561007
-0.623914
-0.672581
-0.700981
-0.707495
-0.693382
-0.664078
-0.623057
-0.570568
-0.504412
-0.426671
-0.344946
-0.268763
-0.203739
-0.150934
-0.1079
-0.0733528
-0.0465839
-0.0273987
-0.0157016
-0.0106757
-0.00985305
-0.0105022
-0.0108356
-0.0101431
-0.00801461
-7.98273e-05
-0.00769029
0.00182759
0.00257902
0.00189923
-0.00212138
-0.00816364
-0.0163095
-0.0234104
-0.02518
-0.0204419
-0.00862957
0.00913431
0.0286869
0.0419387
0.0436458
0.029645
0.000869983
-0.0382713
-0.0808646
-0.121637
-0.152851
-0.169294
-0.167991
-0.150817
-0.121727
-0.0872957
-0.0529798
-0.0216584
0.0050014
0.0258139
0.037248
0.0455493
0.0547944
0.0650769
0.0763263
0.0884192
0.101313
0.114549
0.127822
0.140874
0.153034
0.163956
0.173054
0.180027
0.184471
0.186247
0.185358
0.181837
0.176165
0.168562
0.15949
0.149482
0.138912
0.128138
0.117669
0.107435
0.0978156
0.0889058
0.0808493
0.0735728
0.0647241
0.050446
0.0323742
0.00909066
-0.0188964
-0.0480261
-0.0736707
-0.0925512
-0.103018
-0.105093
-0.0995041
-0.0879959
-0.0726432
-0.0548448
-0.0362032
-0.0182803
-0.00263379
0.00965328
0.0162564
0.0166176
0.0136366
0.00438585
-0.00795785
-0.0103887
-0.0094534
-0.0314298
-0.112398
-0.1685
-0.258314
-0.29315
-0.283642
-0.310938
-0.367041
-0.42016
-0.465648
-0.49977
-0.520957
-0.529373
-0.524734
-0.507374
-0.477118
-0.434614
-0.382127
-0.324371
-0.266637
-0.212881
-0.164863
-0.122077
-0.0840098
-0.0501029
-0.0210275
0.00383031
0.0191693
0.0259385
0.0247954
0.0183088
0.00770684
-0.00446668
-0.0147813
-0.0181156
-0.0274892
-0.0212274
-0.00665761
0.000268976
0.00101218
-0.000317746
-0.00468941
-0.0117211
-0.0167678
-0.0163862
-0.0100121
0.00229754
0.0189503
0.0330269
0.0384203
0.0307616
0.00843762
-0.0253139
-0.0651957
-0.103542
-0.134589
-0.152431
-0.152788
-0.137902
-0.111241
-0.0792077
-0.0472447
-0.0179773
0.00703615
0.0265343
0.0370712
0.0446871
0.0532094
0.0627276
0.0731756
0.0844071
0.096428
0.108805
0.121224
0.133461
0.144893
0.155183
0.163774
0.170382
0.174628
0.176373
0.175611
0.172382
0.167138
0.160072
0.151632
0.142321
0.132476
0.122454
0.112713
0.103167
0.094229
0.0859697
0.0784875
0.0717531
0.0636636
0.0505661
0.0339405
0.0122608
-0.0139897
-0.0413154
-0.065317
-0.0829065
-0.0924754
-0.0937711
-0.0874118
-0.0753239
-0.0595622
-0.0417564
-0.0239037
-0.00757991
0.00588703
0.0152977
0.0191461
0.0187348
0.0161137
0.00842486
0.00374595
0.00459436
-0.0111482
-0.0494306
-0.148895
-0.195994
-0.209735
-0.206074
-0.174158
-0.189318
-0.230389
-0.26822
-0.297317
-0.317174
-0.32954
-0.335324
-0.333765
-0.323906
-0.306933
-0.286348
-0.263939
-0.239517
-0.212323
-0.183201
-0.152447
-0.120983
-0.0896163
-0.0594716
-0.0320291
-0.008668
0.00838191
0.0171758
0.018088
0.0139887
0.00821319
-0.00164361
-0.0100256
-0.013586
-0.00452017
-0.00252595
-0.00192422
-8.21806e-05
0.00222086
0.00234146
0.00156695
-0.0022101
-0.00789382
-0.0107958
-0.00833932
-0.000777464
0.01182
0.0252438
0.0326795
0.029701
0.0131935
-0.0151263
-0.0509997
-0.0874865
-0.117804
-0.136807
-0.138475
-0.125662
-0.101327
-0.0715648
-0.0418422
-0.014543
0.00890731
0.0271695
0.0368769
0.0438621
0.0517126
0.0605184
0.0702225
0.08065
0.0918482
0.103416
0.115029
0.126493
0.137229
0.146916
0.155023
0.161278
0.165328
0.167038
0.16639
0.163434
0.158589
0.152024
0.144179
0.135522
0.126356
0.11704
0.107974
0.0990728
0.0907769
0.0831169
0.0761612
0.0699305
0.062541
0.0505474
0.0352655
0.0150717
-0.00952325
-0.0350943
-0.0575086
-0.0738863
-0.0825407
-0.0830392
-0.0759899
-0.0634395
-0.0474273
-0.0299873
-0.013307
0.00131938
0.0127146
0.0198229
0.0224478
0.0229605
0.0219334
0.0168498
0.018748
0.00614438
-0.0283726
-0.0920456
-0.143438
-0.162129
-0.142777
-0.121824
-0.0987948
-0.109863
-0.137483
-0.160145
-0.173277
-0.181677
-0.190246
-0.200449
-0.209839
-0.215979
-0.21931
-0.220176
-0.217795
-0.211359
-0.201098
-0.187753
-0.171194
-0.152325
-0.131287
-0.110192
-0.0887997
-0.0685272
-0.051686
-0.04016
-0.0344348
-0.0302421
-0.0260474
-0.0209534
-0.0196563
-0.00800274
0.0265457
0.0287299
0.0221447
0.017211
0.0114594
0.00724836
0.00570223
0.0040621
5.08514e-05
-0.00436451
-0.00495568
-0.00104577
0.00756844
0.0189541
0.0272262
0.0274095
0.0157761
-0.00749292
-0.0391541
-0.0731934
-0.102539
-0.120625
-0.124939
-0.114104
-0.0919683
-0.0643606
-0.0367542
-0.0113375
0.0106286
0.0277281
0.0366699
0.0430758
0.0503029
0.0584446
0.0674586
0.0771378
0.0875621
0.0983668
0.10922
0.119952
0.130027
0.139139
0.146781
0.152698
0.156556
0.158225
0.157681
0.154978
0.150505
0.144409
0.137123
0.129078
0.12055
0.111893
0.103453
0.0951587
0.0874656
0.0803555
0.0738842
0.0681229
0.0613755
0.0504173
0.0363789
0.0175584
-0.00545562
-0.0293156
-0.0502272
-0.0654539
-0.0731905
-0.0729094
-0.065272
-0.0523588
-0.0363136
-0.0196014
-0.00425411
0.00880111
0.0184077
0.0240437
0.0268064
0.0286249
0.0292724
0.0256453
0.0213347
-0.00918566
-0.0538376
-0.100419
-0.119179
-0.111578
-0.0878088
-0.0658817
-0.0539124
-0.068497
-0.0891089
-0.104951
-0.117481
-0.129543
-0.141339
-0.151139
-0.159055
-0.166841
-0.175469
-0.183748
-0.191067
-0.197302
-0.20349
-0.20973
-0.215959
-0.221324
-0.225349
-0.228628
-0.231876
-0.236061
-0.238191
-0.232738
-0.21239
-0.175677
-0.131162
-0.0835202
-0.0460905
-0.00828541
0.00909977
0.0315699
0.039224
0.0317763
0.0260316
0.0189874
0.0125435
0.0093322
0.00643703
0.0020996
-0.000534775
0.000542251
0.00572684
0.0144674
0.0224975
0.0246364
0.0168507
-0.00195498
-0.0294485
-0.0607862
-0.0887286
-0.106982
-0.112292
-0.103242
-0.0831544
-0.0575856
-0.0319666
-0.00834552
0.0122117
0.028217
0.0364521
0.0423277
0.0489779
0.0565005
0.064874
0.0738584
0.0835562
0.0936421
0.103781
0.11382
0.123267
0.131832
0.139031
0.144622
0.148293
0.149918
0.149467
0.147001
0.142873
0.137215
0.130454
0.122981
0.115051
0.107009
0.0991517
0.0914276
0.0842988
0.0776917
0.071668
0.0663432
0.0601806
0.0501982
0.0373028
0.0197529
-0.00174295
-0.0239475
-0.0434568
-0.0575738
-0.0644035
-0.0633962
-0.055271
-0.0420965
-0.0262961
-0.010559
0.0035192
0.0151741
0.0233101
0.0282825
0.0315607
0.0338925
0.0331413
0.0254907
0.00741784
-0.0285826
-0.0656694
-0.0866724
-0.0841961
-0.0691489
-0.0503001
-0.0373585
-0.0382052
-0.0520513
-0.0649322
-0.0761257
-0.0842623
-0.0910636
-0.0948713
-0.0964354
-0.0995423
-0.106721
-0.117714
-0.13235
-0.151258
-0.174887
-0.20313
-0.234885
-0.269054
-0.303466
-0.337106
-0.369664
-0.403117
-0.435619
-0.458155
-0.454932
-0.419315
-0.357023
-0.280009
-0.209026
-0.138227
-0.110956
-0.0570475
-0.0126952
0.0331726
0.0302425
0.0327691
0.0289004
0.0222055
0.015984
0.0121343
0.00802801
0.00435854
0.00331663
0.00575078
0.0117158
0.0187072
0.0218753
0.0169964
0.00197885
-0.0216259
-0.0500419
-0.0764679
-0.0945072
-0.100564
-0.0930755
-0.0748765
-0.0512298
-0.0274657
-0.00555375
0.0136662
0.028642
0.0362246
0.0416163
0.0477347
0.0546801
0.0624586
0.0707989
0.0798162
0.0892255
0.0986928
0.108078
0.116929
0.124974
0.131751
0.137031
0.14052
0.142099
0.141732
0.139486
0.135677
0.13043
0.12416
0.117223
0.109853
0.102383
0.0950673
0.0878811
0.0812785
0.0751311
0.0695225
0.0646009
0.0589676
0.0499071
0.0380526
0.0216874
0.00165358
-0.0189645
-0.037182
-0.0502171
-0.0561596
-0.0545163
-0.0459838
-0.0326847
-0.0174096
-0.00272547
0.0102128
0.0206052
0.0275575
0.0322563
0.0352259
0.0356249
0.0296993
0.0153144
-0.0104872
-0.0382542
-0.0592696
-0.0625472
-0.0542787
-0.043017
-0.0338313
-0.037588
-0.0509389
-0.0645837
-0.0777806
-0.0753671
-0.0601996
-0.04061
-0.0261796
-0.0224443
-0.0282929
-0.041572
-0.0610206
-0.0869261
-0.119173
-0.15708
-0.199347
-0.244431
-0.290885
-0.335933
-0.377534
-0.415212
-0.450536
-0.487654
-0.504308
-0.492544
-0.450168
-0.383223
-0.306132
-0.232764
-0.162236
-0.118106
-0.0673064
-0.0456792
0.00351018
0.0176554
0.0295614
0.031976
0.0290449
0.0231051
0.0179795
0.0135465
0.00928637
0.00673344
0.00707599
0.0105681
0.0159767
0.0194187
0.0166258
0.00477009
-0.0153928
-0.0408136
-0.0655711
-0.0831345
-0.0897099
-0.0835845
-0.0671212
-0.0452849
-0.0232397
-0.00294897
0.015
0.0290093
0.035989
0.0409398
0.0465702
0.0529781
0.0602028
0.0679465
0.0763274
0.0851006
0.0939373
0.102706
0.110994
0.118546
0.124921
0.129903
0.133217
0.134748
0.134457
0.132415
0.128903
0.124039
0.11823
0.111794
0.104946
0.0980084
0.0911982
0.0845193
0.0784053
0.0726785
0.0674561
0.0629042
0.0577477
0.0495548
0.0386399
0.0233944
0.00476429
-0.0143413
-0.0313866
-0.0433546
-0.0484494
-0.0462837
-0.037398
-0.0241621
-0.00963109
0.00404805
0.0159278
0.0251616
0.0310222
0.0350257
0.0360464
0.0328647
0.0214908
0.0030855
-0.0198955
-0.0366708
-0.044522
-0.0426898
-0.0361808
-0.0331662
-0.0334656
-0.0298661
-0.0242954
-0.0707903
-0.0849348
-0.0736866
-0.0496086
-0.0226019
-0.00689924
-0.00328636
-0.0109376
-0.0270173
-0.0497323
-0.0775255
-0.111359
-0.15024
-0.193079
-0.23699
-0.280802
-0.321382
-0.355098
-0.37997
-0.39532
-0.398714
-0.386904
-0.358728
-0.316381
-0.263795
-0.208091
-0.154066
-0.10232
-0.0711589
-0.0327615
-0.0338982
-0.0177352
0.00412988
0.018915
0.0279379
0.0304392
0.0278208
0.0230933
0.0186239
0.0141113
0.0104652
0.00917119
0.0106673
0.0143295
0.0173933
0.0159871
0.00676437
-0.010413
-0.0329598
-0.0559172
-0.0728036
-0.0796925
-0.0747513
-0.05987
-0.0397384
-0.0192805
-0.000518837
0.0162205
0.0293252
0.0357473
0.0402966
0.045481
0.0513898
0.0580987
0.0652896
0.0730762
0.0812523
0.0894978
0.0976872
0.105441
0.112526
0.11852
0.123219
0.126364
0.127846
0.127623
0.125771
0.122533
0.118028
0.112651
0.106681
0.100321
0.0938784
0.0875411
0.0813403
0.0756786
0.0703379
0.0654767
0.0612624
0.0565354
0.0491478
0.039077
0.0249038
0.00761289
-0.0100636
-0.0260512
-0.0369432
-0.0412778
-0.0386916
-0.0295041
-0.0165607
-0.00289528
0.00984157
0.0205852
0.0281732
0.0333542
0.0357117
0.0339496
0.0269371
0.0130263
-0.0049978
-0.0204311
-0.0284693
-0.0296169
-0.0238291
-0.0115124
0.00665611
0.0172233
0.0162966
-0.00489384
-0.0507804
-0.0708962
-0.0681512
-0.0457041
-0.0296747
-0.021842
-0.0251735
-0.0373712
-0.0545326
-0.074533
-0.0960866
-0.122089
-0.15237
-0.184972
-0.217223
-0.248341
-0.275927
-0.296166
-0.30623
-0.305096
-0.292275
-0.267015
-0.232126
-0.19229
-0.150291
-0.108952
-0.0701741
-0.036738
-0.0160463
0.0012589
-0.00885129
-0.0161406
-0.00295555
0.00831987
0.0203258
0.026745
0.0286727
0.0263103
0.0225494
0.0184324
0.0143013
0.0117135
0.0116098
0.0136434
0.0160172
0.0152944
0.00822159
-0.00639784
-0.0263036
-0.0473938
-0.0634592
-0.0704696
-0.0665533
-0.0531044
-0.0345735
-0.0155814
0.00174785
0.017335
0.0295965
0.0355023
0.039685
0.0444638
0.0499105
0.0561393
0.0628183
0.0700502
0.0776663
0.0853586
0.0930047
0.100254
0.106897
0.112529
0.116959
0.119941
0.121372
0.121211
0.119533
0.116549
0.112382
0.107407
0.101871
0.0959651
0.0899849
0.0840917
0.0783409
0.0730967
0.0681128
0.0635915
0.059687
0.0553478
0.0486904
0.0393812
0.0262408
0.0102176
-0.00612005
-0.0209768
-0.0309477
-0.0346684
-0.0317035
-0.0223062
-0.0098987
0.0028929
0.0147415
0.0242764
0.0306075
0.0342763
0.0342712
0.0299502
0.0203116
0.00689502
-0.00733126
-0.015285
-0.0167992
-0.0105483
0.00742375
0.0286092
0.0437393
0.0563335
0.0532954
0.0307382
-0.00800378
-0.0579781
-0.0945372
-0.102366
-0.0997115
-0.0951861
-0.094598
-0.100184
-0.108285
-0.116519
-0.124461
-0.134395
-0.146632
-0.159023
-0.169627
-0.178185
-0.184353
-0.187386
-0.185155
-0.176533
-0.163049
-0.147085
-0.126833
-0.10291
-0.0754354
-0.0472617
-0.0183695
0.00857731
0.0172362
0.0282537
0.0132076
-0.00102019
-0.00204191
0.00364914
0.0129918
0.0208841
0.0259128
0.0269343
0.0248497
0.0216714
0.0178113
0.0144608
0.0130943
0.0137116
0.0151717
0.0146893
0.00937104
-0.00313306
-0.0206747
-0.0398752
-0.0550425
-0.062004
-0.0589595
-0.0468081
-0.0297712
-0.0121364
0.00386149
0.0183505
0.0298295
0.0352565
0.0391033
0.0435143
0.048535
0.0543176
0.0605231
0.0672381
0.0743293
0.0815046
0.0886424
0.095417
0.10164
0.106929
0.111102
0.113928
0.115306
0.1152
0.113681
0.110933
0.107081
0.102482
0.0973493
0.0918681
0.0863197
0.0808444
0.0755161
0.0706569
0.0660056
0.0618067
0.0581894
0.0542017
0.0481879
0.0395744
0.0274224
0.0125966
-0.00250708
-0.0163666
-0.0253696
-0.0286461
-0.0252593
-0.0158324
-0.00416329
0.00783692
0.0187932
0.0266901
0.0317978
0.0335716
0.0314334
0.0252587
0.0151972
0.00395317
-0.00461828
-0.00596125
0.000395952
0.016228
0.0358863
0.0496961
0.0610272
0.0482583
0.0113453
-0.0840259
-0.0490504
-0.110795
-0.149619
-0.171906
-0.180039
-0.182104
-0.181232
-0.179699
-0.178786
-0.175614
-0.168791
-0.157745
-0.143432
-0.126674
-0.10953
-0.0935818
-0.0796449
-0.069434
-0.0634388
-0.0603638
-0.0563496
-0.0509183
-0.0456229
-0.0417313
-0.0411551
-0.0358065
-0.0202805
0.0097617
0.0451754
0.0453559
0.044095
0.0264053
0.00957713
0.00459734
0.00890673
0.0158338
0.0213141
0.0252222
0.0252561
0.0234987
0.0205222
0.0170846
0.0148379
0.0143543
0.0148531
0.0142581
0.00962628
-0.0005223
-0.0159367
-0.0332493
-0.0474827
-0.0542602
-0.0519374
-0.0409639
-0.0253088
-0.00894131
0.00583188
0.0192752
0.0300289
0.0350115
0.0385492
0.042627
0.0472568
0.0526255
0.0583938
0.0646281
0.0712276
0.0779197
0.0845827
0.0909107
0.0967369
0.101699
0.105628
0.108303
0.109628
0.109569
0.108196
0.105666
0.102111
0.0978605
0.0931027
0.0880189
0.082875
0.0777931
0.07286
0.0683558
0.0640174
0.0601264
0.056778
0.0531096
0.0476496
0.0396791
0.0284608
0.0147698
0.000783826
-0.0121071
-0.0202234
-0.0231948
-0.0193045
-0.0101461
0.000720139
0.0120484
0.0220811
0.0281821
0.0317959
0.0316876
0.0281508
0.021177
0.0124177
0.00471431
0.00219713
0.00768829
0.0202704
0.0370592
0.0496358
0.0489708
0.0427569
3.497e-05
-0.0401376
-0.0747994
-0.0941727
-0.138817
-0.178475
-0.210283
-0.230245
-0.24256
-0.250229
-0.253937
-0.253538
-0.245557
-0.227592
-0.199498
-0.164883
-0.127278
-0.0917164
-0.060723
-0.0375819
-0.022162
-0.0159277
-0.0164264
-0.0235963
-0.0305964
-0.0366055
-0.0430484
-0.0502394
-0.0501953
-0.0260388
0.00542261
0.0449639
0.049252
0.05953
0.0539797
0.0390835
0.0226022
0.0135212
0.0146201
0.0179689
0.0221907
0.0242536
0.0238604
0.0221141
0.0192718
0.0165875
0.0152984
0.0150251
0.014135
0.0103501
0.00168144
-0.0119334
-0.0274302
-0.0406944
-0.0472026
-0.0454519
-0.0355552
-0.0211654
-0.00598803
0.00766576
0.020118
0.0301972
0.0347678
0.0380199
0.0417958
0.046068
0.0510529
0.0564182
0.0622066
0.0683454
0.0745851
0.0808052
0.0867143
0.0921659
0.0968185
0.100515
0.103045
0.104316
0.1043
0.10306
0.100733
0.0974552
0.0935288
0.0891195
0.0844081
0.0796434
0.0749307
0.070366
0.0661895
0.0621478
0.0585514
0.0554554
0.0520774
0.047089
0.0397163
0.0293669
0.0167535
0.00376554
-0.00814171
-0.0155343
-0.0182347
-0.0138484
-0.00529142
0.00486959
0.0153167
0.023008
0.0287544
0.0308249
0.0293667
0.0251577
0.0184463
0.0119873
0.00867683
0.0119826
0.0219168
0.0347888
0.0451742
0.044481
0.0311142
0.0072519
-0.0271426
-0.0444559
-0.0415089
-0.0569845
-0.0867296
-0.119382
-0.153196
-0.184043
-0.211157
-0.232845
-0.245361
-0.246437
-0.237853
-0.219928
-0.193796
-0.162547
-0.130214
-0.101332
-0.0780938
-0.0626475
-0.0536949
-0.0517116
-0.0533993
-0.0578777
-0.0605381
-0.0576479
-0.0517744
-0.0458514
-0.040087
-0.022126
0.00646196
0.0361871
0.0247575
0.0511105
0.0588479
0.0533863
0.0416119
0.0258781
0.0185178
0.0177865
0.0197643
0.0224378
0.0232571
0.022605
0.0207503
0.0181773
0.0162946
0.0154858
0.0142642
0.0109048
0.00353228
-0.00850001
-0.0223441
-0.0345921
-0.040795
-0.0394695
-0.0305616
-0.0173255
-0.00326414
0.00936826
0.0208874
0.0303354
0.0345249
0.0375128
0.0410147
0.0449597
0.0495882
0.054582
0.059958
0.0656657
0.0714809
0.0772872
0.0828047
0.0879042
0.092265
0.0957405
0.098133
0.0993525
0.0993737
0.0982569
0.0961188
0.0931007
0.0894747
0.0853896
0.0810274
0.0766171
0.0722497
0.0680272
0.0641535
0.0603942
0.0570788
0.0542185
0.0511048
0.0465207
0.039701
0.0301545
0.0185582
0.00646314
-0.00445017
-0.0113075
-0.0136641
-0.00895851
-0.0012147
0.00842425
0.017853
0.0244731
0.0288197
0.0293302
0.0272389
0.0228172
0.0172725
0.0138552
0.0147824
0.0220306
0.0322278
0.0398382
0.040243
0.0278205
0.0102739
-0.0141407
-0.0225061
-0.0190619
-0.00254627
-0.0107825
-0.0274398
-0.0455283
-0.0615526
-0.0767736
-0.0918685
-0.103073
-0.104659
-0.0997145
-0.0905998
-0.0804517
-0.0728254
-0.0700541
-0.0737295
-0.0841229
-0.100878
-0.122327
-0.144613
-0.162484
-0.170765
-0.168096
-0.153003
-0.128527
-0.0992117
-0.0730999
-0.0532421
-0.0400863
-0.0185714
-0.0163711
-0.0246008
0.0121682
0.0413185
0.0501703
0.0495133
0.039803
0.0278055
0.0215055
0.0197564
0.0209197
0.0221668
0.0222987
0.02141
0.0194321
0.0172572
0.0159994
0.014622
0.0114142
0.00514119
-0.00549662
-0.0179099
-0.0291139
-0.0349861
-0.0339678
-0.0259562
-0.0137745
-0.000757672
0.0109447
0.0215901
0.0304438
0.0342826
0.037026
0.0402781
0.043924
0.0482205
0.0528708
0.0578664
0.063172
0.0685885
0.0740079
0.0791599
0.0839298
0.0880171
0.0912845
0.0935475
0.0947178
0.0947745
0.0937711
0.0918092
0.0890337
0.0856857
0.0819029
0.0778676
0.0737874
0.0697415
0.0658361
0.0622431
0.0587525
0.0557027
0.0530595
0.0501852
0.0459553
0.0396442
0.0308397
0.0201884
0.00891014
-0.00104085
-0.00752108
-0.0094136
-0.00470255
0.00222512
0.0114638
0.0197922
0.0252283
0.0282601
0.0277611
0.0255746
0.0213675
0.0178137
0.0171944
0.0213753
0.0293467
0.0354156
0.0357345
0.0273649
0.0111797
-0.00440572
-0.0150717
-0.00898718
-0.000609565
0.00931262
-0.00140364
-0.00984444
-0.0100413
-0.00789457
-0.00560064
0.000207228
0.011427
0.0236687
0.0314163
0.0323967
0.0251364
0.0110101
-0.00991188
-0.0384814
-0.0753398
-0.120606
-0.171044
-0.221833
-0.263233
-0.287095
-0.289063
-0.269159
-0.232948
-0.186987
-0.147532
-0.119919
-0.101109
-0.0704397
-0.0702481
-0.0510044
-0.0248482
0.00825455
0.0315341
0.0432443
0.0434972
0.0359402
0.0276506
0.0224694
0.020916
0.0212252
0.0217047
0.0210118
0.0200681
0.0181221
0.0164487
0.0150577
0.0119602
0.00647161
-0.0028516
-0.0140323
-0.0242083
-0.0297233
-0.0289241
-0.0217153
-0.0104961
0.00154499
0.012399
0.0222323
0.0305222
0.03404
0.0365582
0.0395822
0.0429553
0.0469417
0.0512733
0.0559189
0.0608512
0.0658941
0.0709514
0.0757627
0.080225
0.0840574
0.0871292
0.0892702
0.0903947
0.0904847
0.0895858
0.0877883
0.0852384
0.0821479
0.0786469
0.0749172
0.0711432
0.0673959
0.0637848
0.0604527
0.0572175
0.0544151
0.0519678
0.0493093
0.0454007
0.0395554
0.0314358
0.0216465
0.01114
0.0020551
-0.0041143
-0.00548026
-0.00109558
0.00520641
0.0139538
0.0208884
0.0255671
0.0273107
0.0264836
0.0243313
0.0207666
0.0192278
0.0210315
0.026399
0.0316521
0.0321671
0.0264345
0.0134805
0.000183062
-0.00786348
-0.00483059
0.00448666
0.00656336
0.00565763
-0.00918156
-0.0149083
-0.0120049
-0.00688493
0.000479081
0.0119356
0.0236504
0.0306278
0.0522766
0.0449997
0.0362966
0.0202128
0.00140923
-0.0233851
-0.0535113
-0.0910185
-0.134883
-0.181024
-0.221018
-0.247503
-0.256297
-0.24712
-0.221043
-0.186185
-0.153102
-0.126476
-0.101289
-0.0746489
-0.0649008
-0.0472388
-0.0396942
-0.0210965
0.00565619
0.0260697
0.0368516
0.037478
0.0323501
0.0261776
0.0225702
0.0210985
0.0212627
0.0207462
0.020095
0.0188114
0.0168603
0.015405
0.0125448
0.00759823
-0.000545884
-0.0106215
-0.0198218
-0.0249636
-0.0243116
-0.0178152
-0.00747711
0.00365861
0.0137348
0.0228177
0.0305718
0.0337959
0.0361085
0.0389245
0.04205
0.0457479
0.049783
0.0541068
0.0586951
0.0633902
0.0681088
0.0726023
0.0767775
0.0803721
0.0832596
0.0852852
0.086366
0.0864861
0.0856824
0.0840374
0.0816968
0.0788448
0.075607
0.0721623
0.068672
0.0652026
0.0618651
0.0587767
0.0557826
0.0532079
0.0509345
0.0484704
0.0448625
0.0394415
0.0319521
0.0229423
0.0131767
0.00482421
-0.00101251
-0.00191669
0.0019462
0.00784925
0.0158451
0.0216525
0.0256183
0.0262344
0.0256466
0.0233738
0.0208678
0.021169
0.0241502
0.0282701
0.0295624
0.0250935
0.0161218
0.00452224
-0.00132444
0.00307052
0.0101076
0.0123403
0.00487748
-0.000167304
-0.0130846
-0.0174792
-0.0173557
-0.0175533
-0.0154329
-0.00661862
0.00430396
0.0130995
0.0185233
0.0163417
0.0105051
0.000343186
-0.0100537
-0.0205897
-0.0297507
-0.0380109
-0.0461944
-0.0552984
-0.0653551
-0.0762987
-0.0853284
-0.0919896
-0.0930994
-0.0862347
-0.0746181
-0.0631909
-0.0543311
-0.0424429
-0.0366981
-0.0285366
-0.0341073
-0.0327878
-0.0169874
0.00457356
0.0228533
0.0313607
0.0325267
0.0285508
0.024721
0.0218839
0.0210234
0.0206401
0.019764
0.0191397
0.017274
0.0156365
0.0130791
0.00859396
0.00144864
-0.00754693
-0.0158964
-0.0206658
-0.0201057
-0.0142324
-0.0047045
0.00559663
0.0149561
0.0233489
0.0305948
0.0335484
0.0356757
0.038303
0.0412058
0.0446374
0.0483969
0.052425
0.0566976
0.0610711
0.0654739
0.0696707
0.073577
0.076949
0.0796621
0.0815773
0.0826149
0.0827604
0.0820424
0.080539
0.0783919
0.0757614
0.0727697
0.0695905
0.0663631
0.0631529
0.0600704
0.0572097
0.0544422
0.0520748
0.0499559
0.0476666
0.0443436
0.0393052
0.0323985
0.0240913
0.0150309
0.00729567
0.00182746
0.00123357
0.00454728
0.0101674
0.0172402
0.0221818
0.0252763
0.0253471
0.0251198
0.02255
0.0214929
0.0229447
0.0254073
0.027168
0.0243052
0.0176748
0.00944989
0.00458376
0.00854453
0.0119401
0.0133273
0.00961346
-0.00285318
-0.0147272
-0.0191629
-0.0283515
-0.0348267
-0.0474124
-0.059758
-0.0667232
-0.0624323
-0.050319
-0.0382897
-0.0308902
-0.0289071
-0.0299776
-0.0332853
-0.0365006
-0.0387142
-0.039087
-0.0377488
-0.0361311
-0.0327695
-0.0294256
-0.0286639
-0.0287979
-0.031382
-0.0317965
-0.0296919
-0.0266088
-0.0265807
-0.0265428
-0.0182243
-0.0239095
-0.0245525
-0.0275173
-0.0264025
-0.0135862
0.00584878
0.0195327
0.0272915
0.0279903
0.0258371
0.0230823
0.0209053
0.0206003
0.0195218
0.0190175
0.0175993
0.015828
0.0134915
0.0094655
0.00317568
-0.00488759
-0.012395
-0.016786
-0.0162813
-0.010946
-0.00216413
0.00737158
0.0160667
0.0238291
0.0305953
0.0332919
0.0352566
0.0377146
0.0404193
0.0436076
0.0471119
0.0508676
0.0548505
0.0589274
0.0630365
0.0669565
0.0706097
0.0737727
0.0763208
0.0781303
0.079125
0.079291
0.0786507
0.0772794
0.0753116
0.0728871
0.0701256
0.0671933
0.0642097
0.0612415
0.0583964
0.0557475
0.0531916
0.0510119
0.0490322
0.0469006
0.0438433
0.0391498
0.0327846
0.0251041
0.0167118
0.00950699
0.0044146
0.00397882
0.00679505
0.0121322
0.0182978
0.0224961
0.0246791
0.0248919
0.0244181
0.0219
0.022395
0.0237365
0.0247978
0.0237542
0.0184503
0.0126749
0.00839884
0.00893082
0.0111267
0.0108657
0.00733895
-0.00636828
-0.0239262
-0.0469628
-0.041493
-0.0619491
-0.0762597
-0.103267
-0.129681
-0.151107
-0.152496
-0.134029
-0.110423
-0.0903832
-0.0778271
-0.0699573
-0.0674895
-0.0669081
-0.0676889
-0.0693318
-0.0691013
-0.0756048
-0.0698206
-0.0717842
-0.064522
-0.0615306
-0.0587415
-0.0567684
-0.0517977
-0.0453293
-0.036746
-0.0330519
-0.0266962
-0.0319712
-0.0269265
-0.0244271
-0.0235053
-0.0213514
-0.00907006
0.00606225
0.0179362
0.0237025
0.0246549
0.0235465
0.020944
0.0203818
0.0194498
0.0187895
0.0177138
0.0159936
0.0138023
0.0101953
0.00466342
-0.00255205
-0.00927981
-0.0132873
-0.0128139
-0.00793655
0.000158518
0.00899412
0.0170702
0.0242386
0.0303826
0.0330062
0.034844
0.0371551
0.0396855
0.042653
0.0459214
0.0494249
0.0531404
0.0569434
0.0607794
0.0644417
0.0678564
0.070823
0.0732165
0.0749267
0.0758805
0.0760642
0.075496
0.0742501
0.0724489
0.0702165
0.0676702
0.0649669
0.0622089
0.0594659
0.0568403
0.0543871
0.0520274
0.0500169
0.0481645
0.046176
0.0433596
0.0389821
0.0331146
0.0259916
0.0182299
0.0114808
0.00675553
0.00635581
0.00874458
0.0137613
0.0190683
0.0225849
0.0241613
0.0246525
0.0233947
0.0217033
0.0228576
0.0229115
0.0227944
0.019166
0.0142458
0.010939
0.00894563
0.00996488
0.00927051
0.00273347
-0.00816264
-0.0265235
-0.0422608
-0.0548924
-0.0578414
-0.071314
-0.0864435
-0.108961
-0.137041
-0.15868
-0.159384
-0.137471
-0.11174
-0.0920033
-0.079189
-0.0720172
-0.0694497
-0.0691327
-0.0707617
-0.0737763
-0.0762821
-0.0776202
-0.0760631
-0.0743734
-0.0695195
-0.0668192
-0.0635274
-0.061477
-0.0592207
-0.0536905
-0.0462516
-0.0409063
-0.0416676
-0.0367168
-0.03344
-0.0294663
-0.024162
-0.02156
-0.0168142
-0.0056642
0.00671638
0.0167107
0.020757
0.0223217
0.0208333
0.0199237
0.0192571
0.0185097
0.0176159
0.0160733
0.0140276
0.0107909
0.00592641
-0.000504364
-0.00651397
-0.0101359
-0.00967925
-0.00518648
0.00227873
0.010474
0.0179743
0.0246007
0.030367
0.0327605
0.0344573
0.0366275
0.0390004
0.0417664
0.0448163
0.0480853
0.051552
0.0551006
0.0586822
0.0621058
0.0652965
0.0680791
0.0703296
0.071949
0.072866
0.0730666
0.0725679
0.0714422
0.0697964
0.0677436
0.0653981
0.0629068
0.0603568
0.0578225
0.0553978
0.0531238
0.0509445
0.0490864
0.0473511
0.0454951
0.0428918
0.0388084
0.033389
0.0267713
0.0195915
0.0132393
0.00886309
0.00840191
0.0104422
0.0150802
0.0196021
0.0225148
0.0237862
0.0242206
0.0223723
0.0215535
0.0220398
0.0211729
0.0197325
0.0148327
0.0124071
0.00980921
0.00837296
0.00734172
0.000301455
-0.0105542
-0.0251659
-0.0383923
-0.045631
-0.0454849
-0.0462082
-0.0526663
-0.0572167
-0.0640989
-0.0731927
-0.0766691
-0.0688863
-0.0550673
-0.0443305
-0.0398476
-0.0396538
-0.0418212
-0.0434975
-0.04409
-0.0434177
-0.0417661
-0.0378695
-0.032948
-0.0268356
-0.0221426
-0.0199638
-0.0174518
-0.0211109
-0.0263607
-0.0341048
-0.0390964
-0.0406444
-0.0383653
-0.0379156
-0.0323972
-0.0317637
-0.0323063
-0.0295602
-0.0245463
-0.0205077
-0.0134205
-0.00356203
0.0082331
0.0149156
0.0190905
0.0197872
0.0192205
0.0188022
0.0181522
0.017381
0.0160333
0.0141551
0.0112584
0.00698318
0.00128257
-0.00407038
-0.00730124
-0.00685019
-0.00268099
0.0042112
0.0118207
0.018788
0.0249307
0.0303201
0.0325359
0.0341028
0.0361356
0.0383624
0.0409425
0.0437897
0.0468408
0.0500752
0.0533868
0.0567312
0.0599342
0.0629159
0.0655265
0.0676451
0.0691818
0.0700661
0.070283
0.0698512
0.0688398
0.0673382
0.0654535
0.0632953
0.0610003
0.0586424
0.0563011
0.0540595
0.0519497
0.0499358
0.048215
0.0465885
0.0448573
0.0424416
0.0386317
0.0336103
0.0274591
0.0208033
0.014797
0.0107416
0.0101574
0.0119243
0.0160955
0.0199532
0.0223557
0.0234414
0.0234502
0.0214536
0.0211392
0.0207822
0.019028
0.0163289
0.0121366
0.0106088
0.00739
0.00589475
-0.000177462
-0.0112293
-0.0235942
-0.0348203
-0.0390296
-0.0386924
-0.034281
-0.0360407
-0.0367526
-0.0343671
-0.0318713
-0.0274813
-0.0200355
-0.0129846
-0.0102272
-0.0133951
-0.0196647
-0.0268245
-0.0328805
-0.0360373
-0.0357418
-0.0327029
-0.0264233
-0.0177898
-0.00602633
0.00127226
0.0115009
0.00873919
0.0112705
0.00370559
-0.00757407
-0.0190517
-0.0318379
-0.0349042
-0.0362628
-0.0303041
-0.034566
-0.0255798
-0.0247242
-0.0277437
-0.0271376
-0.0238647
-0.0184466
-0.0109695
-0.000305863
0.00817254
0.0143513
0.0172885
0.0179738
0.0180354
0.0176232
0.0170177
0.0158673
0.0141809
0.0116009
0.00784793
0.00283219
-0.0019197
-0.00476125
-0.00429957
-0.000405835
0.00596944
0.0130428
0.0195194
0.025225
0.0302568
0.0323274
0.0337794
0.0356812
0.037772
0.0401806
0.0428403
0.04569
0.0487091
0.0518006
0.0549235
0.0579232
0.0607106
0.0631597
0.0651549
0.0666135
0.0674658
0.0676961
0.0673256
0.0664192
0.0650496
0.0633219
0.0613385
0.059226
0.0570465
0.0548846
0.0528114
0.0508538
0.0489926
0.0473966
0.0458729
0.0442605
0.0420108
0.038453
0.0337852
0.0280648
0.0218729
0.0161838
0.0123978
0.0116636
0.0132098
0.0168965
0.0201566
0.0221379
0.0229885
0.0224061
0.0205766
0.0202834
0.0188816
0.0165909
0.0132828
0.010595
0.00786726
0.00356443
0.000240677
-0.0110661
-0.0211219
-0.0314718
-0.0363161
-0.0369005
-0.0364017
-0.0379147
-0.0407759
-0.039129
-0.0396217
-0.0430802
-0.0467239
-0.0514769
-0.0554632
-0.061253
-0.0664647
-0.0711269
-0.0739789
-0.0726269
-0.0689445
-0.0631364
-0.0572412
-0.0496949
-0.0427542
-0.0335692
-0.0307135
-0.0259456
-0.0306667
-0.0342034
-0.0411724
-0.0510975
-0.0560433
-0.058942
-0.0549333
-0.0481952
-0.0420975
-0.0477859
-0.0320047
-0.0232489
-0.0254508
-0.0254497
-0.0252537
-0.0217588
-0.0160895
-0.00756093
0.00137417
0.008742
0.0135828
0.0158553
0.0168169
0.0168602
0.0164999
0.0155659
0.0141006
0.0118236
0.00853563
0.0041618
-3.47782e-05
-0.00249356
-0.00200436
0.00165358
0.00756589
0.0141488
0.0201753
0.0254856
0.0301884
0.0321352
0.0334865
0.0352658
0.0372307
0.0394819
0.0419687
0.0446333
0.0474545
0.0503433
0.0532595
0.0560711
0.0586787
0.0609759
0.0628537
0.0642351
0.0650529
0.065291
0.0649732
0.0641589
0.0629083
0.0613268
0.0595057
0.0575633
0.0555504
0.0535565
0.0516404
0.0498262
0.048108
0.0466269
0.0452025
0.0437021
0.0416002
0.0382725
0.0339211
0.0285937
0.0228081
0.0174229
0.0138475
0.0129585
0.0143134
0.0175063
0.0202348
0.0218493
0.0223204
0.0212419
0.0196077
0.0188775
0.0166206
0.0140691
0.0108011
0.00833438
0.00398625
-0.00161379
-0.00863798
-0.020054
-0.0279578
-0.0346172
-0.0361097
-0.0384647
-0.0441527
-0.0600726
-0.0602278
-0.0617185
-0.0693529
-0.0824138
-0.103512
-0.134663
-0.165172
-0.190979
-0.205935
-0.207646
-0.199535
-0.18134
-0.159944
-0.141573
-0.127529
-0.11709
-0.111705
-0.109906
-0.112574
-0.117208
-0.124509
-0.131307
-0.134284
-0.132904
-0.125064
-0.110941
-0.0992606
-0.0684555
-0.0781101
-0.0761423
-0.055422
-0.0313346
-0.0288932
-0.0237648
-0.0242083
-0.0227934
-0.0193171
-0.0129967
-0.0048135
0.00291924
0.00911467
0.0128775
0.0149777
0.015758
0.0157916
0.0151291
0.0139077
0.0119286
0.0090598
0.00528385
0.00160808
-0.000477429
5.74373e-05
0.00351118
0.00901176
0.0151467
0.020763
0.0257164
0.0301204
0.0319583
0.0332215
0.0348876
0.0367359
0.0388425
0.0411695
0.0436629
0.0463019
0.0490052
0.0517288
0.0543656
0.0568082
0.0589643
0.0607315
0.0620369
0.0628188
0.0630608
0.0627876
0.0620526
0.0609093
0.0594629
0.0577914
0.0560064
0.0541488
0.0523118
0.050543
0.0488646
0.0472807
0.0459062
0.044578
0.0431799
0.0412096
0.0380924
0.0340236
0.0290503
0.0236246
0.0185296
0.0151043
0.0140697
0.0152231
0.0179434
0.020203
0.0214352
0.0214247
0.0200138
0.0184317
0.0170572
0.0142815
0.0115597
0.00817274
0.00467421
-0.00100716
-0.00763207
-0.0171731
-0.0256941
-0.0321201
-0.0367738
-0.0400086
-0.0487762
-0.0622192
-0.0803638
-0.081933
-0.0915076
-0.107612
-0.127338
-0.157607
-0.199637
-0.244231
-0.282738
-0.306771
-0.308803
-0.292048
-0.263373
-0.227335
-0.201314
-0.178802
-0.1633
-0.156329
-0.156198
-0.161074
-0.169054
-0.178156
-0.186355
-0.185656
-0.178091
-0.163424
-0.143239
-0.123295
-0.101944
-0.101004
-0.0861998
-0.0732032
-0.0513997
-0.0374357
-0.0272194
-0.024596
-0.0230863
-0.0209262
-0.0166737
-0.00991072
-0.0025465
0.00433052
0.00927376
0.0125252
0.0142157
0.0148284
0.0145406
0.0135933
0.0119169
0.00943456
0.00621403
0.00304219
0.00130788
0.00190476
0.00518145
0.010318
0.0160444
0.0212898
0.0259215
0.0300538
0.0317925
0.0329786
0.0345398
0.0362788
0.0382507
0.040428
0.0427609
0.04523
0.0477629
0.0503079
0.052782
0.0550749
0.0571039
0.0587716
0.0600076
0.0607578
0.0610059
0.0607738
0.0601096
0.0590652
0.0577433
0.056208
0.0545667
0.052852
0.0511595
0.0495264
0.0479743
0.046514
0.0452385
0.0440013
0.042693
0.0408388
0.0379147
0.0340977
0.0294413
0.0243362
0.0195041
0.0161903
0.0150191
0.0159823
0.0182321
0.0200521
0.0208496
0.0203466
0.0187108
0.0170022
0.0149841
0.0118928
0.00881101
0.0048459
8.55181e-05
-0.00665608
-0.0140732
-0.0237654
-0.0299231
-0.0355239
-0.0406843
-0.0488762
-0.0604238
-0.070899
-0.0784449
-0.0852115
-0.100693
-0.115951
-0.131552
-0.152965
-0.181253
-0.214395
-0.246566
-0.269536
-0.275085
-0.261785
-0.234122
-0.201195
-0.173528
-0.151741
-0.136668
-0.129478
-0.12966
-0.134137
-0.141842
-0.149425
-0.154264
-0.153126
-0.1463
-0.134927
-0.121632
-0.107709
-0.0921267
-0.087602
-0.0690223
-0.0715838
-0.0651257
-0.049008
-0.0359506
-0.0282603
-0.0245867
-0.0222389
-0.0191389
-0.0138226
-0.00726162
-0.000367472
0.00534588
0.00958257
0.0122276
0.0135503
0.0137594
0.0131434
0.0117895
0.00967316
0.00696303
0.00430912
0.00288262
0.00355431
0.00667874
0.0114945
0.0168499
0.0217622
0.026105
0.0299872
0.0316347
0.032752
0.0342151
0.0358502
0.037695
0.039731
0.0419125
0.0442215
0.0465972
0.048978
0.0513011
0.0534595
0.0553764
0.0569582
0.0581356
0.0588628
0.0591232
0.0589333
0.0583361
0.057386
0.0561787
0.0547669
0.0532555
0.051671
0.0501096
0.0485987
0.0471602
0.0458112
0.0446246
0.0434714
0.0422414
0.0404879
0.0377406
0.0341479
0.0297734
0.0249518
0.0203526
0.0171406
0.0159136
0.0165837
0.0183805
0.0197615
0.0200783
0.0191345
0.017314
0.0153267
0.0127275
0.00932939
0.00562677
0.000840214
-0.00502089
-0.0124425
-0.0202535
-0.0286342
-0.0341623
-0.0404101
-0.0475479
-0.0565677
-0.0631008
-0.0635646
-0.0551562
-0.0672519
-0.0784217
-0.0861382
-0.0923961
-0.0978101
-0.104336
-0.114873
-0.128319
-0.140201
-0.143582
-0.136907
-0.121658
-0.103944
-0.0887951
-0.0769578
-0.069668
-0.0676443
-0.0702137
-0.0754873
-0.0823129
-0.0885306
-0.0925968
-0.0931324
-0.0900963
-0.0847166
-0.0790764
-0.0732
-0.0635605
-0.053999
-0.0452756
-0.0546591
-0.0626629
-0.056088
-0.0453908
-0.0348276
-0.0282067
-0.0242354
-0.0212391
-0.0169046
-0.0112026
-0.00468457
0.00137983
0.00632958
0.00985219
0.011947
0.012751
0.0125425
0.0115423
0.00978741
0.00753982
0.00538735
0.00426185
0.00502244
0.0080162
0.0125509
0.0175715
0.0221866
0.0262701
0.0299198
0.0314857
0.0325416
0.0339131
0.0354506
0.0371771
0.0390825
0.0411239
0.0432836
0.0455144
0.0477461
0.0499293
0.0519648
0.0537797
0.0552854
0.0564119
0.0571211
0.0573967
0.0572486
0.0567158
0.055856
0.0547537
0.0534549
0.052062
0.0505975
0.0491556
0.0477544
0.0464175
0.0451681
0.0440605
0.0429826
0.0418236
0.0401571
0.0375716
0.0341783
0.0300532
0.0254799
0.0210848
0.0179537
0.0166036
0.0170283
0.018392
0.0193128
0.0191419
0.0178271
0.0157917
0.0134104
0.0102938
0.00646919
0.00199054
-0.00362963
-0.0102586
-0.0178686
-0.0256034
-0.0328456
-0.0388261
-0.045666
-0.0520252
-0.0560593
-0.0537098
-0.044012
-0.0289126
-0.0397938
-0.0428056
-0.0434348
-0.0417137
-0.0369249
-0.0309306
-0.0273763
-0.0270549
-0.0286941
-0.029284
-0.0280648
-0.0241868
-0.0203339
-0.0168803
-0.0143849
-0.0140162
-0.0161154
-0.0205464
-0.0262254
-0.032353
-0.037896
-0.0421279
-0.0446681
-0.0452749
-0.0444604
-0.0434169
-0.0421812
-0.0377707
-0.0293191
-0.0278266
-0.038538
-0.0499546
-0.0538286
-0.0500543
-0.0413493
-0.0333865
-0.0274371
-0.0235097
-0.0195645
-0.014566
-0.00854284
-0.00242494
0.00296595
0.00719332
0.0100412
0.0115047
0.0117749
0.0111559
0.00978037
0.00796114
0.00623967
0.00545508
0.00632255
0.00920716
0.0134968
0.0182174
0.0225689
0.02642
0.0298529
0.0313483
0.0323512
0.0336402
0.0350898
0.036711
0.0385003
0.0404167
0.0424413
0.0445386
0.046636
0.0486885
0.0506074
0.0523227
0.053753
0.0548286
0.0555164
0.0558015
0.0556891
0.0552152
0.0544393
0.0534323
0.0522391
0.0509563
0.0496056
0.0482747
0.0469746
0.0457325
0.0445745
0.0435383
0.0425299
0.0414374
0.0398472
0.0374082
0.0341924
0.030287
0.0259281
0.0217114
0.0186357
0.0171627
0.0173303
0.0182626
0.0187072
0.0180765
0.0164266
0.0141088
0.0112845
0.00765621
0.00324702
-0.00201277
-0.00825312
-0.015267
-0.0228041
-0.0302497
-0.0370202
-0.0429375
-0.0480082
-0.0501981
-0.0471106
-0.0380599
-0.0259762
-0.0146141
-0.0190949
-0.0181442
-0.0153398
-0.0107177
-0.00405427
0.00379232
0.0109124
0.0159745
0.019224
0.0203833
0.0203835
0.0197326
0.0169524
0.0156943
0.0136926
0.0106684
0.00704758
0.00247061
-0.00259655
-0.00764875
-0.0122653
-0.0160516
-0.0190179
-0.021109
-0.0222253
-0.0229246
-0.0233033
-0.0219801
-0.0181127
-0.0169217
-0.0251369
-0.0360748
-0.0444797
-0.0478571
-0.0445495
-0.0380697
-0.03142
-0.02633
-0.0221067
-0.0175219
-0.0119969
-0.0059945
-0.000359045
0.0043862
0.00789153
0.0100245
0.0108347
0.0106377
0.0096521
0.00824486
0.00692593
0.00647475
0.00746676
0.0102635
0.0143409
0.0187963
0.0229142
0.0265577
0.0297889
0.0312213
0.0321803
0.033398
0.0347711
0.0363013
0.0379895
0.0397958
0.0417
0.043674
0.0456488
0.0475787
0.0493854
0.0510002
0.0523516
0.0533733
0.0540343
0.0543204
0.0542361
0.0538151
0.0531151
0.0521942
0.051101
0.0499217
0.0486795
0.0474523
0.0462477
0.0450973
0.0440255
0.0430562
0.0421145
0.0410815
0.0395585
0.0372514
0.0341947
0.0304794
0.0263037
0.022242
0.0191986
0.0175965
0.0174956
0.0179926
0.0179588
0.0168981
0.0149185
0.0122646
0.00895837
0.00475397
-0.000294793
-0.00614452
-0.0127313
-0.0199004
-0.0273276
-0.0344021
-0.0401857
-0.0442569
-0.0455299
-0.0422956
-0.0343674
-0.0241061
-0.0145883
-0.0086959
-0.00911503
-0.00709742
-0.00380516
0.000515193
0.00583533
0.0119216
0.0178613
0.0229513
0.0267539
0.0286056
0.0297712
0.0278504
0.0232878
0.0213532
0.0188109
0.0153776
0.0119818
0.00838138
0.00469121
0.00108469
-0.00224913
-0.00513442
-0.00750906
-0.00961421
-0.011201
-0.0123285
-0.0131252
-0.0131118
-0.0121519
-0.0110645
-0.0160551
-0.0243298
-0.03346
-0.0404614
-0.0428587
-0.0402057
-0.0348906
-0.0294242
-0.0247321
-0.020212
-0.015096
-0.00931999
-0.00357383
0.00154064
0.00558422
0.00833772
0.00972082
0.00998348
0.00940076
0.00840107
0.00746861
0.00733364
0.00846625
0.0111971
0.0150921
0.0193156
0.0232278
0.0266857
0.0297275
0.0310969
0.0320182
0.0331733
0.0344773
0.0359256
0.0375221
0.0392274
0.0410226
0.0428808
0.0447427
0.0465584
0.0482609
0.0497802
0.051056
0.0520289
0.0526654
0.052953
0.052897
0.0525282
0.0518993
0.0510582
0.0500604
0.0489768
0.0478356
0.0467018
0.045586
0.0445221
0.043529
0.0426229
0.041745
0.0407585
0.0392926
0.0371032
0.0341876
0.030635
0.0266156
0.0226843
0.0196496
0.0179132
0.0175299
0.0175834
0.0170815
0.0156174
0.0132994
0.0102529
0.00640493
0.00160739
-0.00396338
-0.0101823
-0.016967
-0.0242067
-0.0312563
-0.0371519
-0.0409287
-0.0417682
-0.0386999
-0.0319264
-0.0230929
-0.0147272
-0.0087285
-0.00559662
-0.00480874
-0.00287615
-0.000164649
0.00300636
0.00660677
0.0105982
0.0145794
0.0182918
0.0211805
0.0231963
0.0248785
0.0229528
0.0187106
0.0169424
0.0152449
0.0129891
0.0106248
0.00818781
0.00581723
0.00346357
0.00124239
-0.00082354
-0.00256402
-0.00421755
-0.00574167
-0.00692784
-0.00776746
-0.0082599
-0.0086583
-0.00775565
-0.0105663
-0.0160194
-0.0236104
-0.0315209
-0.0371371
-0.0388796
-0.0365064
-0.0320247
-0.0273186
-0.0227308
-0.0178839
-0.0123948
-0.00665279
-0.00127807
0.00320085
0.00649521
0.00844104
0.00919642
0.00903181
0.00843575
0.00788157
0.00804617
0.00933044
0.0120184
0.0157593
0.0197832
0.0235142
0.0268057
0.0296664
0.0309699
0.0318538
0.0329489
0.0341845
0.0355526
0.037061
0.0386694
0.0403639
0.0421131
0.0438706
0.0455824
0.0471924
0.0486295
0.0498417
0.0507789
0.0514027
0.0517021
0.051683
0.0513716
0.0508132
0.0500501
0.0491437
0.0481477
0.0470979
0.046046
0.0450103
0.0440225
0.0430967
0.0422478
0.0414275
0.0404749
0.0390518
0.036965
0.0341745
0.0307587
0.0268708
0.0230452
0.0199971
0.0181203
0.0174355
0.0170431
0.0160935
0.0142397
0.011558
0.00805628
0.0036461
-0.00165637
-0.0075915
-0.0140622
-0.0209941
-0.0279759
-0.0339344
-0.0378163
-0.0386544
-0.0359864
-0.0301157
-0.022496
-0.0149479
-0.00924564
-0.00578341
-0.00401393
-0.00303361
-0.0014593
0.000537416
0.00266442
0.00496734
0.0074245
0.00989714
0.0122451
0.0141839
0.0157895
0.0170488
0.0161969
0.0132064
0.0121048
0.0111874
0.00987179
0.00855826
0.00704471
0.00552035
0.00398095
0.00245752
0.000965606
-0.000377143
-0.00161489
-0.00288749
-0.00400144
-0.00478599
-0.00531967
-0.00613749
-0.00566317
-0.00739882
-0.010691
-0.0161291
-0.0231816
-0.0299386
-0.0343583
-0.0355814
-0.0332769
-0.0294247
-0.0250331
-0.0203842
-0.0151955
-0.00957095
-0.00403944
0.000793622
0.00455721
0.00702183
0.00827881
0.00855153
0.00835309
0.00817476
0.00862519
0.0100689
0.0127382
0.016351
0.0202051
0.0237777
0.0269192
0.029606
0.0308474
0.0316904
0.0327258
0.0338933
0.0351833
0.036608
0.038125
0.0397275
0.0413765
0.0430382
0.0446554
0.0461821
0.0475487
0.0487071
0.0496163
0.0502348
0.0505529
0.0505752
0.0503232
0.0498344
0.0491493
0.0483305
0.047416
0.0464511
0.0454744
0.0445133
0.0435913
0.0427233
0.0419254
0.041156
0.0402348
0.0388397
0.0368395
0.0341574
0.0308554
0.0270767
0.02333
0.0202491
0.018223
0.0172174
0.016387
0.0150056
0.0127621
0.00968239
0.0056878
0.000768674
-0.00491725
-0.0111288
-0.0177887
-0.02458
-0.0306411
-0.0347881
-0.0360075
-0.033873
-0.0288526
-0.0221459
-0.0153356
-0.00983873
-0.00636023
-0.00436189
-0.00326005
-0.0024215
-0.00123416
0.000162643
0.00154942
0.00300353
0.00449834
0.00597424
0.00734351
0.00850829
0.00944127
0.0101305
0.0101061
0.00951477
0.00905723
0.00870008
0.00784727
0.00705214
0.00607149
0.00496956
0.00387141
0.0027444
0.00162323
0.000549668
-0.000421429
-0.00141332
-0.00236663
-0.00308503
-0.00352997
-0.0042773
-0.0041883
-0.00545487
-0.00748858
-0.0109774
-0.0164251
-0.0229089
-0.0286116
-0.0320246
-0.0325607
-0.0304701
-0.0268743
-0.0225688
-0.0176987
-0.0122898
-0.00671403
-0.00160684
0.00256681
0.00550203
0.00724334
0.00796644
0.00816368
0.00835677
0.0090831
0.0106913
0.0133659
0.0168755
0.0205877
0.0240227
0.0270278
0.0295505
0.0307415
0.0315444
0.0325247
0.0336311
0.0348512
0.0362014
0.0376365
0.0391567
0.0407151
0.0422886
0.0438178
0.045263
0.0465619
0.0476661
0.0485416
0.0491497
0.04948
0.0495357
0.0493352
0.0489101
0.0483006
0.0475639
0.0467278
0.0458455
0.0449432
0.0440564
0.0431973
0.0423858
0.0416376
0.0409168
0.040034
0.0386593
0.0367297
0.0341399
0.0309305
0.0272394
0.0235444
0.0204141
0.0182257
0.0168835
0.0156272
0.0138244
0.0111841
0.00767464
0.00319465
-0.00214008
-0.00812776
-0.01455
-0.0211568
-0.0272685
-0.0317743
-0.0335688
-0.0321561
-0.0279222
-0.0220014
-0.015755
-0.0105062
-0.00690578
-0.00481836
-0.00356814
-0.00281705
-0.00218426
-0.00134173
-0.000413598
0.000469373
0.00137659
0.00227172
0.00312645
0.00389503
0.00452122
0.00497917
0.00521517
0.00536628
0.00554742
0.00565484
0.00615991
0.00598248
0.00542251
0.00477461
0.00399296
0.0031875
0.00236532
0.00152331
0.000705525
-5.12789e-05
-0.000784181
-0.00150958
-0.00211167
-0.00247759
-0.00301978
-0.00315904
-0.00416571
-0.00557098
-0.00777201
-0.0115228
-0.0168866
-0.0227723
-0.0276352
-0.03027
-0.0301636
-0.0279342
-0.0243354
-0.019876
-0.0147637
-0.00926207
-0.00397429
0.000549654
0.0039131
0.00611057
0.00728393
0.00787621
0.00843278
0.00943198
0.0112077
0.0139092
0.0173407
0.0209368
0.0242534
0.0271348
0.0295087
0.0306536
0.0314218
0.032353
0.0334059
0.034564
0.0358467
0.0372073
0.0386511
0.0401272
0.0416179
0.0430662
0.0444321
0.0456651
0.0467162
0.0475533
0.0481447
0.0484792
0.0485586
0.0483999
0.0480309
0.0474915
0.0468284
0.0460673
0.0452644
0.0444351
0.0436208
0.0428245
0.0420722
0.0413766
0.0407068
0.0398714
0.0385126
0.0366396
0.0341258
0.0309883
0.0273645
0.0236956
0.020499
0.0181322
0.0164458
0.0147752
0.0125536
0.00950516
0.00555827
0.000646748
-0.00503403
-0.0112713
-0.0177172
-0.0238561
-0.028731
-0.0312186
-0.0306553
-0.0272694
-0.0220633
-0.0163209
-0.0112671
-0.00762585
-0.00533021
-0.00396296
-0.00304604
-0.00249085
-0.00203403
-0.00145847
-0.000838732
-0.000260581
0.000314088
0.000853766
0.00137056
0.00181233
0.00213427
0.00237582
0.00239153
0.00240462
0.00241007
0.00258201
0.00335872
0.00385224
0.00350475
0.00315784
0.00268767
0.00215435
0.00161111
0.00102653
0.000446557
-0.000110122
-0.000638702
-0.0011514
-0.00161953
-0.00193641
-0.00231387
-0.00240419
-0.00318639
-0.00426619
-0.00576115
-0.00820948
-0.0121857
-0.0173942
-0.0227313
-0.0268026
-0.0286285
-0.027996
-0.0254811
-0.0216602
-0.0169565
-0.0116491
-0.00628017
-0.00146496
0.00228475
0.00490073
0.00651355
0.00750013
0.00841113
0.0096818
0.0116272
0.0143763
0.0177547
0.0212573
0.0244743
0.0272441
0.029482
0.0305708
0.0313044
0.0321855
0.0331821
0.0342777
0.0354909
0.0367788
0.0381474
0.0395484
0.0409628
0.0423423
0.043642
0.044822
0.0458349
0.0466455
0.0472283
0.0475726
0.0476778
0.0475599
0.0472444
0.0467692
0.0461705
0.0454795
0.044747
0.0439834
0.0432325
0.0424944
0.0417967
0.0411519
0.0405323
0.0397365
0.0384003
0.0365722
0.0341186
0.0310358
0.027457
0.0237883
0.0205121
0.0179491
0.0159143
0.0138382
0.011199
0.00774329
0.00337022
-0.00192528
-0.00789089
-0.0142232
-0.0203846
-0.0256047
-0.0288103
-0.029182
-0.0267065
-0.0222136
-0.0169249
-0.0120239
-0.00829054
-0.00581637
-0.00422996
-0.00320618
-0.00252255
-0.00210372
-0.00179314
-0.00142166
-0.00101445
-0.00063845
-0.000270213
7.81183e-05
0.000427779
0.000716674
0.000928674
0.00111607
0.00114606
0.00117469
0.00102552
0.00117707
0.00154445
0.0020335
0.00188271
0.00173985
0.00147818
0.00115533
0.000815343
0.000437223
4.639e-05
-0.000333866
-0.000698408
-0.00103123
-0.00133906
-0.00158904
-0.00185888
-0.00191692
-0.00247701
-0.00332995
-0.00445395
-0.00611758
-0.00888019
-0.0130275
-0.0180237
-0.0227644
-0.0260144
-0.0271212
-0.0259219
-0.022982
-0.0188092
-0.0138139
-0.00849843
-0.00347451
0.000632247
0.00363639
0.00566828
0.00704447
0.00829957
0.0098406
0.0119604
0.014775
0.0181232
0.021555
0.0246904
0.0273577
0.0294664
0.0304875
0.0311795
0.0320054
0.0329389
0.0339698
0.0351125
0.0363318
0.0376283
0.0389643
0.0403127
0.0416368
0.0428885
0.0440313
0.0450214
0.0458205
0.0464053
0.0467657
0.0468997
0.0468224
0.0465575
0.046139
0.0455976
0.0449717
0.0442992
0.0435951
0.0428993
0.0422151
0.0415649
0.0409657
0.0403898
0.0396311
0.0383232
0.0365329
0.0341233
0.0310777
0.0275219
0.0238308
0.0204603
0.0176844
0.0152968
0.0128221
0.00977032
0.0059104
0.00114118
-0.00449025
-0.0106641
-0.0168823
-0.0224143
-0.026307
-0.0276552
-0.0261964
-0.022494
-0.0176752
-0.0129337
-0.0091007
-0.00642853
-0.00466351
-0.00345866
-0.00267731
-0.00213215
-0.0017942
-0.00157095
-0.00131289
-0.00102503
-0.00076804
-0.000526957
-0.000278164
-3.04606e-05
0.000176328
0.000343675
0.000500339
0.00059654
0.000659876
0.000609223
0.000816179
0.000680129
0.000821073
0.00075778
0.000716189
0.000567918
0.000393529
0.000193176
-3.15908e-05
-0.000277469
-0.000528053
-0.000769013
-0.000987563
-0.00118031
-0.00137147
-0.00159486
-0.00153781
-0.00191187
-0.00255368
-0.0034374
-0.00464163
-0.0065364
-0.00959941
-0.0138676
-0.018627
-0.0227625
-0.0251892
-0.0255091
-0.0236957
-0.0202869
-0.0157404
-0.0105883
-0.00544724
-0.00101761
0.00234825
0.00476949
0.00652275
0.00811364
0.00991913
0.0122149
0.0151116
0.018452
0.0218349
0.0249051
0.0274787
0.0294641
0.0304183
0.0310668
0.0318417
0.0327176
0.0336938
0.034775
0.0359387
0.0371735
0.0384566
0.0397502
0.0410261
0.0422375
0.0433451
0.044309
0.0450918
0.0456689
0.046032
0.04618
0.0461275
0.0458984
0.0455224
0.0450295
0.0444614
0.0438422
0.043199
0.0425603
0.0419361
0.0413386
0.0407899
0.0402592
0.0395566
0.0382841
0.0365247
0.0341463
0.0311194
0.0275637
0.0238284
0.0203459
0.0173428
0.0146178
0.0117471
0.00828565
0.00403092
-0.00112775
-0.00701267
-0.0131697
-0.0189942
-0.0235628
-0.0259229
-0.0255322
-0.0227023
-0.0184046
-0.0138162
-0.00988167
-0.00698403
-0.00501619
-0.0036806
-0.00275327
-0.00213929
-0.00169935
-0.00142955
-0.00128681
-0.0011283
-0.000948953
-0.000790907
-0.000633984
-0.000451124
-0.000283444
-0.000134296
-5.72919e-06
9.99965e-05
0.000211159
0.000233655
0.000251707
0.000365582
4.14958e-05
-0.000108808
-1.31451e-05
8.35555e-06
-5.91325e-05
-0.000130237
-0.000240023
-0.000367088
-0.000510562
-0.000668331
-0.000821456
-0.000953184
-0.00104498
-0.00114523
-0.00132801
-0.0012779
-0.00153383
-0.00199377
-0.00269477
-0.00365027
-0.00501971
-0.00722326
-0.010618
-0.01494
-0.0193917
-0.0228643
-0.0245128
-0.0239335
-0.0213726
-0.0173256
-0.0124404
-0.0073199
-0.00266945
0.00103056
0.00381622
0.0059302
0.00784704
0.00991219
0.0123925
0.0153894
0.0187484
0.0221036
0.0251259
0.0276132
0.0294836
0.0303711
0.0309806
0.0317133
0.0325404
0.033473
0.0345016
0.0356207
0.0368053
0.0380435
0.0392937
0.0405269
0.0417012
0.0427731
0.0437055
0.0444633
0.0450203
0.0453704
0.0455145
0.0454673
0.0452539
0.0449025
0.0444447
0.0439195
0.0433458
0.042761
0.0421797
0.0416223
0.0410881
0.0406021
0.0401292
0.0395021
0.0382849
0.0365516
0.0341927
0.0311705
0.0275917
0.0237861
0.0201653
0.0169138
0.0138485
0.0106077
0.00676399
0.0021316
-0.00338071
-0.00947499
-0.0155823
-0.0207714
-0.0240191
-0.0247586
-0.0229188
-0.0192453
-0.0148979
-0.010877
-0.00775562
-0.00556188
-0.00405512
-0.00298332
-0.00223308
-0.00173508
-0.00136953
-0.00114061
-0.00103447
-0.000928365
-0.000809928
-0.000707749
-0.000604645
-0.000483903
-0.000377938
-0.000283404
-0.000199183
-0.000143536
-6.1049e-05
-7.40672e-05
-2.83694e-05
-2.62155e-05
-0.000319656
-0.000489416
-0.000354912
-0.00032823
-0.000356623
-0.000374075
-0.000429922
-0.000492074
-0.000573191
-0.000665803
-0.00075955
-0.000846491
-0.000897035
-0.000951596
-0.00111464
-0.00101981
-0.00120798
-0.00152733
-0.0020138
-0.00276376
-0.00379267
-0.00535564
-0.00789499
-0.0115517
-0.0158702
-0.0199399
-0.0226583
-0.0233052
-0.0219001
-0.0187029
-0.0142557
-0.00925655
-0.0044212
-0.000370099
0.00280962
0.00530614
0.0075444
0.0098687
0.0125353
0.0156418
0.019026
0.0223669
0.0253546
0.0277663
0.0295305
0.0303257
0.0308864
0.031567
0.0323361
0.0332182
0.0341913
0.035264
0.0364062
0.0376058
0.0388272
0.0400346
0.04119
0.042248
0.0431707
0.0439224
0.0444766
0.0448269
0.0449755
0.0449354
0.0447328
0.044397
0.0439614
0.0434601
0.0429186
0.0423744
0.0418358
0.0413325
0.0408544
0.0404295
0.040019
0.0394634
0.038322
0.0366214
0.0342705
0.0312397
0.0276347
0.0237488
0.019972
0.0164636
0.0130483
0.00937853
0.00510781
8.33021e-05
-0.00564206
-0.0116738
-0.0172527
-0.0214287
-0.0234777
-0.0228204
-0.019939
-0.01591
-0.0118406
-0.00847188
-0.00602571
-0.00431871
-0.00310659
-0.00226514
-0.00170092
-0.00131515
-0.00101727
-0.000837482
-0.000797314
-0.000751921
-0.000679527
-0.000616438
-0.000547568
-0.000459718
-0.000378819
-0.000310522
-0.000239798
-0.000194685
-0.000124795
-0.000122054
-6.21141e-05
-9.1973e-05
-0.000289043
-0.000395803
-0.000326592
-0.000334879
-0.000374756
-0.000393251
-0.000447519
-0.00049447
-0.000556914
-0.000627125
-0.000693067
-0.000752565
-0.000773367
-0.000769824
-0.000869962
-0.00082218
-0.000976799
-0.00123133
-0.00161232
-0.00216536
-0.00297749
-0.00416068
-0.00606652
-0.00903461
-0.0129814
-0.0172987
-0.0209767
-0.0229519
-0.0223735
-0.0197637
-0.0156028
-0.0106739
-0.00572093
-0.00144691
0.00198087
0.00473141
0.00718959
0.00972144
0.0125668
0.0157972
0.0192454
0.0226116
0.0255932
0.0279457
0.0296008
0.0302717
0.0307604
0.0313688
0.032069
0.0328897
0.0338091
0.034835
0.0359452
0.0371181
0.0383271
0.0395308
0.0406903
0.0417606
0.0426997
0.0434695
0.0440439
0.0444124
0.0445773
0.0445514
0.0443605
0.0440357
0.043613
0.0431238
0.0426034
0.0420811
0.0415722
0.0411057
0.0406714
0.0402958
0.0399444
0.0394629
0.0383949
0.0367085
0.0343389
0.0312638
0.0275907
0.0236022
0.0196636
0.0159248
0.0122325
0.00826912
0.0036837
-0.0016639
-0.00773833
-0.0138474
-0.0191219
-0.0224194
-0.022939
-0.0208877
-0.017241
-0.0131604
-0.00953594
-0.00676681
-0.00480116
-0.00341601
-0.00244301
-0.00177802
-0.00132584
-0.0010102
-0.000766704
-0.000620457
-0.000591049
-0.000551776
-0.000501667
-0.000467405
-0.000425076
-0.000365127
-0.000310062
-0.000260453
-0.000202705
-0.000153873
-9.05719e-05
-6.23305e-05
3.28104e-05
1.44981e-05
-0.000101335
-0.000174103
-0.00018958
-0.000227172
-0.000281416
-0.00031349
-0.00036109
-0.000398866
-0.000443703
-0.000491877
-0.000531118
-0.000569083
-0.000585604
-0.00059059
-0.000685403
-0.000670516
-0.000768936
-0.000928958
-0.00118697
-0.00158654
-0.00218834
-0.00302561
-0.00434922
-0.00655967
-0.0098417
-0.0138586
-0.0178508
-0.020809
-0.0218033
-0.0205277
-0.0173082
-0.0128326
-0.00788062
-0.00327509
0.000602326
0.0038017
0.00666773
0.00953548
0.0126241
0.0160224
0.0195552
0.0229432
0.0259024
0.0281849
0.02969
0.0302355
0.0306488
0.0311852
0.0318312
0.0326
0.0334845
0.0344784
0.0355707
0.0367334
0.0379399
0.0391494
0.0403179
0.0413998
0.0423488
0.0431271
0.0437075
0.0440773
0.044239
0.0442089
0.0440126
0.0436844
0.0432617
0.0427784
0.0422731
0.0417696
0.0412942
0.0408646
0.0404835
0.040163
0.0398837
0.0395043
0.038538
0.0369309
0.0345946
0.0314895
0.0277119
0.023555
0.0193815
0.0153214
0.0112013
0.0067423
0.00166559
-0.00406375
-0.0100785
-0.0156087
-0.0197154
-0.0214988
-0.0207235
-0.0179112
-0.0141169
-0.0103565
-0.00729789
-0.00510033
-0.00358145
-0.00250326
-0.00174034
-0.00125168
-0.000938131
-0.000730621
-0.000576677
-0.000478219
-0.000473498
-0.000441015
-0.000391393
-0.000363251
-0.000331805
-0.000280918
-0.000237138
-0.00019426
-0.00014466
-9.63066e-05
-4.3996e-05
-1.95234e-06
9.62191e-05
8.12858e-05
3.60723e-06
-3.10631e-05
-8.76344e-05
-0.000133783
-0.00018517
-0.000225754
-0.000272829
-0.000308517
-0.000348525
-0.000400124
-0.000437959
-0.000476637
-0.000506285
-0.000515571
-0.000574585
-0.000549434
-0.00065351
-0.000786974
-0.000950053
-0.00126548
-0.0017525
-0.00247166
-0.00350723
-0.00520604
-0.0080131
-0.0119661
-0.0164232
-0.020239
-0.0220342
-0.0211293
-0.0180734
-0.0135659
-0.00851587
-0.00378748
0.000213538
0.0035262
0.00647381
0.00940493
0.0125733
0.0160597
0.0196708
0.0231204
0.0261063
0.028349
0.0298072
0.0302244
0.0305654
0.0310355
0.0316386
0.0323673
0.0332264
0.0342017
0.0352841
0.0364474
0.0376595
0.038881
0.0400632
0.0411573
0.0421149
0.0428974
0.0434729
0.0438337
0.0439797
0.0439306
0.0437146
0.0433693
0.0429339
0.0424476
0.0419463
0.0414579
0.0410105
0.0406148
0.0402873
0.0400259
0.0398341
0.0395527
0.0386205
0.036995
0.0346122
0.031452
0.0276172
0.0233658
0.019069
0.0148542
0.0105777
0.00594174
0.000671965
-0.00527346
-0.0115778
-0.0172663
-0.021137
-0.0221361
-0.0202519
-0.0164964
-0.0123063
-0.00869333
-0.00603944
-0.00417378
-0.00284144
-0.00188128
-0.00129314
-0.000961502
-0.000756256
-0.000589154
-0.000436442
-0.000318033
-0.000293782
-0.000257164
-0.000234738
-0.000240452
-0.000218299
-0.000181659
-0.000153635
-0.000125655
-9.6342e-05
-6.53408e-05
-4.67571e-05
-1.64342e-05
3.08194e-05
5.14579e-06
-4.49812e-05
-4.47831e-05
-6.79116e-05
-0.000101105
-0.000117458
-0.000141622
-0.000171302
-0.000195081
-0.000216603
-0.000249619
-0.000276502
-0.000284735
-0.000294614
-0.000309287
-0.000401491
-0.000496291
-0.000550575
-0.000630878
-0.000721192
-0.000863985
-0.00113214
-0.00157216
-0.00222999
-0.0032707
-0.0050515
-0.00795872
-0.0119255
-0.0163556
-0.0199361
-0.0213122
-0.0198843
-0.0162973
-0.0113814
-0.00623588
-0.00162271
0.00225238
0.00564918
0.00895384
0.0124589
0.0162453
0.0200901
0.0236862
0.0266914
0.0288319
0.0300229
0.0302192
0.030465
0.0308605
0.0314099
0.0320984
0.0329276
0.0338866
0.0349625
0.0361328
0.0373631
0.038612
0.0398287
0.0409596
0.0419531
0.0427653
0.0433629
0.043735
0.0438826
0.0438251
0.0435944
0.0432311
0.0427779
0.042278
0.0417678
0.0412799
0.0408393
0.0404601
0.0401606
0.039944
0.0398304
0.039716
0.0389604
0.0374721
0.0351287
0.0318592
0.0277842
0.0232173
0.0185343
0.0138907
0.00909105
0.00380794
-0.00215486
-0.0086002
-0.0147095
-0.0192488
-0.0210122
-0.0197614
-0.0163977
-0.012317
-0.00863278
-0.00582566
-0.00389097
-0.00256866
-0.00166068
-0.0011349
-0.000842064
-0.00067515
-0.00052786
-0.000416248
-0.00033564
-0.000260746
-0.000205149
-0.000137217
-0.000116165
-0.000112305
-8.48965e-05
-6.94716e-05
-6.14747e-05
-5.14012e-05
-4.9064e-05
-3.02495e-05
-3.39963e-05
-1.63061e-05
1.90029e-05
1.23125e-06
-2.53041e-05
-1.79588e-05
-3.50791e-05
-5.43843e-05
-4.82699e-05
-6.27161e-05
-6.51336e-05
-7.56994e-05
-8.44582e-05
-0.000100497
-0.000134604
-0.000161292
-0.000203657
-0.000282609
-0.000408064
)
;

boundaryField
{
    back
    {
        type            slip;
    }
    cylinder
    {
        type            zeroGradient;
    }
    front
    {
        type            slip;
    }
    inflow
    {
        type            zeroGradient;
    }
    outflow
    {
        type            fixedValue;
        value           uniform 0;
    }
    wall
    {
        type            zeroGradient;
    }
}


// ************************************************************************* //
