/*--------------------------------*- C++ -*----------------------------------*\
| =========                 |                                                 |
| \\      /  F ield         | OpenFOAM: The Open Source CFD Toolbox           |
|  \\    /   O peration     | Version:  3.0.1                                 |
|   \\  /    A nd           | Web:      www.OpenFOAM.org                      |
|    \\/     M anipulation  |                                                 |
\*---------------------------------------------------------------------------*/
FoamFile
{
    version     2.0;
    format      ascii;
    class       volScalarField;
    location    "103.846855434881263";
    object      p;
}
// * * * * * * * * * * * * * * * * * * * * * * * * * * * * * * * * * * * * * //

dimensions      [0 2 -2 0 0 0 0];

internalField   nonuniform List<scalar> 
8400
(
-1.03663
-1.03556
-1.03697
-1.04062
-1.04621
-1.0536
-1.06213
-1.0709
-1.08043
-1.09056
-1.10118
-1.11186
-1.12192
-1.13039
-1.13609
-1.13772
-1.13346
-1.12196
-1.10198
-1.07303
-1.0352
-0.988582
-0.933479
-0.870239
-0.799267
-0.721301
-0.637779
-0.55112
-0.464935
-0.383175
-0.306652
-0.231032
-0.150204
-0.0702551
0.0114864
0.0900573
0.167506
0.239567
0.307647
0.368368
0.422363
0.46738
0.503491
0.52957
0.545343
0.550639
0.54552
0.530348
0.505274
0.47162
0.429207
0.380569
0.324995
0.265991
0.202237
0.137949
0.0713137
0.00705504
-0.0571806
-0.115699
-0.1743
-0.23597
-0.299381
-0.360538
-0.415911
-0.463183
-0.501071
-0.529
-0.546734
-0.55425
-0.551894
-0.540767
-0.521973
-0.49705
-0.468046
-0.437262
-0.406998
-0.379127
-0.355127
-0.335343
-0.319525
-0.307058
-0.297071
-0.288849
-0.282135
-0.278089
-0.277678
-0.281835
-0.291614
-0.304012
-0.317395
-0.331005
-0.343664
-0.354447
-0.363229
-0.371545
-0.381929
-0.398409
-0.423282
-0.45666
-0.496719
-0.542072
-0.59253
-0.648135
-0.707875
-0.769665
-0.830838
-0.888661
-0.940716
-0.985153
-1.02081
-1.04729
-1.0652
-1.07384
-1.07485
-1.07024
-1.06253
-1.05399
-1.04635
-1.04056
-1.03977
-1.0314
-1.02612
-1.02496
-1.02764
-1.03329
-1.04073
-1.04937
-1.05831
-1.06803
-1.07858
-1.08997
-1.10173
-1.1131
-1.12285
-1.1295
-1.13148
-1.12636
-1.1117
-1.0865
-1.05038
-1.00357
-0.946419
-0.879405
-0.803128
-0.71858
-0.627719
-0.534108
-0.44252
-0.356393
-0.278295
-0.205416
-0.129087
-0.05348
0.0240052
0.0991648
0.17347
0.243222
0.309208
0.368467
0.421217
0.465429
0.500931
0.526678
0.542297
0.547611
0.542692
0.527867
0.503416
0.470536
0.429343
0.382087
0.328494
0.271628
0.210758
0.149545
0.0866551
0.0261499
-0.0344106
-0.0909598
-0.151212
-0.216314
-0.283902
-0.350148
-0.410329
-0.461111
-0.500756
-0.528501
-0.544096
-0.547748
-0.540184
-0.52251
-0.496732
-0.465491
-0.431753
-0.398464
-0.368066
-0.342088
-0.322571
-0.307495
-0.29694
-0.289582
-0.284209
-0.280533
-0.279243
-0.2808
-0.285937
-0.294364
-0.304416
-0.313785
-0.321244
-0.329462
-0.340905
-0.357456
-0.376485
-0.392676
-0.404741
-0.41806
-0.4396
-0.471017
-0.510843
-0.559146
-0.615292
-0.677328
-0.742526
-0.807928
-0.870373
-0.927194
-0.97672
-1.01815
-1.05118
-1.07567
-1.09134
-1.09971
-1.10288
-1.09884
-1.08968
-1.07754
-1.06437
-1.05156
-1.05829
-1.04444
-1.03193
-1.02354
-1.01902
-1.01918
-1.02252
-1.02849
-1.0358
-1.0442
-1.05343
-1.06375
-1.07502
-1.08667
-1.09758
-1.10623
-1.11073
-1.10906
-1.09896
-1.07734
-1.04302
-0.995869
-0.936195
-0.864714
-0.782529
-0.691368
-0.594047
-0.494821
-0.398706
-0.309788
-0.23439
-0.166221
-0.0961757
-0.0261462
0.0452249
0.115468
0.184786
0.250776
0.313169
0.369864
0.420336
0.463007
0.49729
0.522338
0.53761
0.542944
0.538437
0.52433
0.501116
0.469737
0.430798
0.386024
0.335885
0.282586
0.226391
0.169732
0.112412
0.0568915
0.00182259
-0.050825
-0.108899
-0.176461
-0.247937
-0.319
-0.384524
-0.440319
-0.483767
-0.513506
-0.529055
-0.530712
-0.519578
-0.49765
-0.467949
-0.434134
-0.399943
-0.36859
-0.342282
-0.322048
-0.307647
-0.298185
-0.291764
-0.286845
-0.282396
-0.278185
-0.27458
-0.272842
-0.273881
-0.276329
-0.279917
-0.28451
-0.290742
-0.298826
-0.307792
-0.319673
-0.335311
-0.354913
-0.378398
-0.40653
-0.440616
-0.48144
-0.529472
-0.583933
-0.644463
-0.709811
-0.777117
-0.842743
-0.903621
-0.957729
-1.0043
-1.04345
-1.07553
-1.10069
-1.11888
-1.12992
-1.13174
-1.1276
-1.11822
-1.10542
-1.09071
-1.07482
-1.04812
-1.04123
-1.03054
-1.02067
-1.01063
-1.00384
-0.999976
-1.00049
-1.0041
-1.01053
-1.0186
-1.02814
-1.03876
-1.05024
-1.06164
-1.07145
-1.07759
-1.07789
-1.07017
-1.05093
-1.01786
-0.970223
-0.908289
-0.833129
-0.746581
-0.651274
-0.550757
-0.449513
-0.352522
-0.264295
-0.192871
-0.129605
-0.0653812
-0.000535415
0.0652692
0.130752
0.195288
0.25742
0.316128
0.370049
0.418034
0.458961
0.491842
0.516069
0.530932
0.5363
0.532289
0.519039
0.497258
0.46759
0.431134
0.389065
0.342482
0.292857
0.241155
0.188904
0.136667
0.0857572
0.0358157
-0.0127071
-0.0673237
-0.134204
-0.206369
-0.279212
-0.347588
-0.406913
-0.453771
-0.485996
-0.502621
-0.503895
-0.491346
-0.467796
-0.437165
-0.403887
-0.37208
-0.344825
-0.323696
-0.308711
-0.298567
-0.291192
-0.284328
-0.276365
-0.266075
-0.25404
-0.242407
-0.232527
-0.224304
-0.218363
-0.215034
-0.216531
-0.226675
-0.244664
-0.266807
-0.292213
-0.320117
-0.35083
-0.384864
-0.422577
-0.464184
-0.510089
-0.560432
-0.615638
-0.673993
-0.734052
-0.793506
-0.850023
-0.901571
-0.946842
-0.985485
-1.01771
-1.0443
-1.06604
-1.08274
-1.0935
-1.09784
-1.09656
-1.09052
-1.0805
-1.06847
-1.05703
-0.953665
-0.960996
-0.964309
-0.96608
-0.963912
-0.961453
-0.958538
-0.958241
-0.960225
-0.965355
-0.972702
-0.981997
-0.992561
-1.00411
-1.01592
-1.02666
-1.0343
-1.03629
-1.02991
-1.01301
-0.981704
-0.934467
-0.871653
-0.794646
-0.705951
-0.608909
-0.507543
-0.406421
-0.310585
-0.224775
-0.157503
-0.0991039
-0.0399696
0.0200988
0.0810994
0.142216
0.202543
0.261061
0.316425
0.367675
0.413339
0.452561
0.4841
0.507515
0.521982
0.52739
0.523864
0.511469
0.491052
0.46307
0.428932
0.389462
0.346092
0.299891
0.25212
0.203884
0.15599
0.109296
0.0637748
0.0193339
-0.0316874
-0.0962693
-0.167224
-0.239816
-0.308873
-0.36967
-0.41831
-0.452029
-0.469455
-0.470827
-0.458097
-0.43477
-0.405431
-0.374896
-0.347265
-0.325082
-0.308999
-0.297921
-0.289573
-0.281294
-0.270905
-0.257347
-0.241074
-0.22431
-0.210191
-0.20049
-0.195764
-0.196219
-0.202428
-0.213729
-0.228011
-0.245173
-0.270181
-0.304085
-0.34493
-0.389903
-0.436897
-0.484757
-0.532363
-0.57954
-0.627592
-0.675845
-0.722679
-0.766522
-0.808664
-0.848904
-0.884518
-0.912618
-0.93315
-0.948061
-0.959736
-0.969763
-0.977691
-0.981858
-0.98158
-0.978396
-0.973391
-0.962688
-0.95345
-0.949952
-0.754017
-0.786706
-0.816391
-0.841733
-0.860695
-0.874503
-0.884144
-0.891871
-0.899209
-0.90735
-0.916736
-0.927358
-0.93904
-0.951454
-0.964135
-0.975992
-0.985172
-0.989052
-0.984729
-0.969423
-0.940123
-0.894279
-0.831947
-0.75471
-0.665544
-0.568308
-0.467361
-0.367447
-0.273767
-0.190991
-0.127709
-0.0739447
-0.01942
0.0362678
0.0929642
0.150104
0.206649
0.261825
0.314153
0.362874
0.406407
0.443998
0.474296
0.49693
0.511024
0.516471
0.513392
0.501818
0.48265
0.456286
0.424273
0.387242
0.34677
0.303707
0.259442
0.214829
0.170778
0.127911
0.0863254
0.0457519
-0.00186423
-0.0635869
-0.132392
-0.203707
-0.272253
-0.333148
-0.382213
-0.416328
-0.433929
-0.435378
-0.423064
-0.401049
-0.374324
-0.347728
-0.324927
-0.3076
-0.295383
-0.286297
-0.277646
-0.267
-0.253107
-0.23639
-0.218995
-0.204012
-0.194142
-0.19154
-0.196875
-0.210436
-0.232194
-0.260281
-0.291122
-0.321325
-0.355916
-0.394107
-0.434767
-0.477347
-0.522033
-0.568972
-0.617543
-0.666372
-0.714399
-0.761402
-0.805101
-0.839766
-0.863985
-0.877402
-0.879155
-0.870332
-0.858672
-0.846586
-0.832532
-0.816827
-0.801449
-0.78704
-0.771438
-0.753088
-0.734316
-0.721775
-0.717628
-0.727907
-0.504504
-0.557602
-0.61241
-0.663321
-0.708161
-0.74525
-0.775545
-0.799488
-0.819256
-0.835978
-0.851339
-0.865988
-0.880547
-0.895084
-0.909447
-0.922858
-0.933734
-0.939624
-0.937476
-0.92413
-0.896863
-0.852977
-0.791966
-0.715543
-0.626943
-0.53042
-0.430646
-0.332613
-0.241651
-0.162183
-0.102736
-0.053214
-0.00290161
0.0487802
0.101558
0.155046
0.208145
0.260217
0.309757
0.356082
0.397629
0.433657
0.462796
0.484678
0.498416
0.503896
0.501229
0.49044
0.472429
0.447622
0.417572
0.382831
0.345003
0.304829
0.263736
0.222411
0.181825
0.14241
0.104375
0.067302
0.0229358
-0.0357076
-0.101866
-0.171313
-0.238707
-0.298959
-0.347657
-0.38149
-0.398859
-0.400362
-0.388811
-0.368683
-0.345127
-0.322705
-0.304346
-0.290758
-0.280785
-0.2721
-0.262388
-0.250225
-0.235887
-0.221281
-0.209503
-0.203491
-0.20512
-0.215063
-0.2329
-0.257826
-0.288609
-0.322595
-0.373723
-0.404759
-0.443103
-0.484078
-0.528124
-0.575732
-0.62698
-0.681151
-0.737139
-0.793115
-0.846201
-0.892527
-0.928096
-0.950109
-0.955512
-0.944197
-0.921162
-0.887515
-0.845248
-0.790754
-0.727719
-0.668499
-0.62282
-0.588156
-0.556522
-0.523159
-0.489116
-0.462229
-0.450166
-0.463986
-0.292103
-0.345643
-0.407979
-0.47208
-0.534682
-0.591897
-0.642708
-0.685801
-0.721845
-0.751599
-0.776647
-0.798408
-0.818047
-0.836327
-0.85347
-0.869103
-0.881984
-0.88995
-0.890033
-0.878993
-0.853953
-0.812144
-0.752913
-0.6779
-0.590485
-0.495251
-0.397176
-0.301516
-0.213652
-0.137653
-0.0818918
-0.0362375
0.0102468
0.0582551
0.10745
0.157565
0.207496
0.256677
0.303632
0.347687
0.387362
0.421891
0.44993
0.471085
0.484478
0.489984
0.487699
0.477661
0.46074
0.437427
0.40921
0.376612
0.341216
0.30371
0.265508
0.227188
0.18973
0.153435
0.118583
0.0846614
0.0434098
-0.0120323
-0.0752274
-0.142405
-0.208251
-0.267462
-0.315406
-0.348655
-0.36567
-0.367321
-0.356782
-0.338798
-0.318447
-0.299789
-0.284915
-0.273741
-0.26476
-0.25589
-0.24582
-0.234492
-0.223703
-0.216102
-0.214874
-0.221725
-0.237592
-0.261434
-0.292725
-0.329497
-0.372118
-0.416809
-0.462593
-0.494216
-0.527645
-0.567483
-0.614533
-0.667708
-0.725969
-0.786488
-0.848533
-0.909838
-0.967152
-1.01657
-1.05416
-1.07653
-1.08025
-1.06001
-1.00819
-0.936804
-0.856552
-0.773724
-0.688445
-0.605934
-0.532778
-0.467077
-0.405946
-0.352647
-0.308352
-0.272329
-0.250837
-0.256379
-0.145733
-0.185106
-0.238904
-0.301184
-0.368606
-0.436262
-0.501087
-0.560185
-0.611972
-0.656096
-0.69314
-0.724473
-0.751444
-0.775223
-0.796471
-0.815209
-0.830607
-0.84087
-0.843297
-0.834688
-0.811813
-0.77239
-0.71523
-0.64197
-0.556147
-0.462609
-0.366639
-0.273729
-0.189214
-0.116765
-0.0645285
-0.0224125
0.0205855
0.0652206
0.111121
0.158106
0.205099
0.251576
0.296116
0.338025
0.375919
0.409008
0.435991
0.456443
0.469498
0.47502
0.473095
0.463773
0.447893
0.426008
0.399509
0.368917
0.335774
0.300742
0.265193
0.229627
0.195004
0.161531
0.129539
0.0984657
0.0601877
0.00799372
-0.052041
-0.11666
-0.180673
-0.238606
-0.285616
-0.318196
-0.334901
-0.336858
-0.327513
-0.311727
-0.294322
-0.27875
-0.266364
-0.256638
-0.248155
-0.239539
-0.230673
-0.222684
-0.218264
-0.219739
-0.229596
-0.247647
-0.274286
-0.306443
-0.344726
-0.384988
-0.429792
-0.472629
-0.519023
-0.557482
-0.595023
-0.637541
-0.685704
-0.738225
-0.793942
-0.851758
-0.910134
-0.966658
-1.01805
-1.0605
-1.09006
-1.10312
-1.0968
-1.06951
-1.0219
-0.957385
-0.87862
-0.784357
-0.674772
-0.562352
-0.462787
-0.385324
-0.323541
-0.268384
-0.217547
-0.173364
-0.139839
-0.127994
-0.0593807
-0.0790861
-0.116628
-0.166727
-0.227138
-0.29468
-0.3647
-0.433053
-0.496536
-0.553222
-0.602406
-0.644483
-0.680448
-0.711364
-0.738087
-0.760964
-0.779568
-0.792524
-0.797486
-0.7914
-0.771012
-0.733949
-0.679022
-0.607748
-0.523818
-0.432296
-0.338755
-0.248869
-0.167855
-0.0989714
-0.0500927
-0.0112188
0.0285933
0.0701237
0.112985
0.157052
0.201303
0.245239
0.287508
0.327384
0.363577
0.39528
0.421241
0.44101
0.453732
0.45926
0.457675
0.449038
0.434158
0.413633
0.388749
0.360036
0.328992
0.296264
0.263163
0.230125
0.198078
0.167164
0.13775
0.109258
0.0738094
0.0248518
-0.0319186
-0.0937752
-0.155744
-0.212235
-0.258222
-0.290135
-0.306632
-0.309047
-0.301002
-0.287339
-0.272492
-0.259345
-0.248727
-0.240036
-0.232249
-0.224904
-0.218802
-0.215783
-0.218395
-0.227985
-0.245722
-0.270004
-0.300385
-0.333108
-0.36841
-0.401575
-0.432805
-0.458619
-0.488746
-0.522521
-0.560538
-0.604657
-0.653604
-0.704789
-0.756123
-0.806222
-0.853941
-0.897794
-0.935821
-0.965575
-0.984528
-0.990294
-0.980904
-0.954917
-0.911658
-0.851658
-0.776926
-0.691585
-0.602045
-0.51089
-0.420806
-0.339904
-0.265873
-0.202308
-0.151898
-0.111604
-0.0787822
-0.0582206
-0.00675056
-0.0152663
-0.035822
-0.0706608
-0.118348
-0.17656
-0.24301
-0.313203
-0.382543
-0.447918
-0.507329
-0.559805
-0.605367
-0.644535
-0.67791
-0.705947
-0.728536
-0.744707
-0.752495
-0.749074
-0.731311
-0.696816
-0.644248
-0.575153
-0.493362
-0.404121
-0.313268
-0.226594
-0.149154
-0.0838005
-0.0381102
-0.00221188
0.0346793
0.073344
0.113391
0.154731
0.196408
0.237946
0.278066
0.316013
0.350577
0.380944
0.405911
0.425013
0.437406
0.44293
0.441669
0.433688
0.419769
0.400535
0.377172
0.350224
0.321148
0.290572
0.259737
0.229023
0.199323
0.170738
0.143655
0.117508
0.0847407
0.0389614
-0.0145143
-0.0734793
-0.133243
-0.188169
-0.23308
-0.264353
-0.280743
-0.283724
-0.277015
-0.265312
-0.252631
-0.241406
-0.232202
-0.224581
-0.218061
-0.213006
-0.210589
-0.212812
-0.221203
-0.23599
-0.256933
-0.281858
-0.308715
-0.333654
-0.355943
-0.372616
-0.385359
-0.393371
-0.403905
-0.424685
-0.454947
-0.49202
-0.532394
-0.573258
-0.612959
-0.650741
-0.68608
-0.718231
-0.745996
-0.767741
-0.781591
-0.785571
-0.778006
-0.757632
-0.724234
-0.678536
-0.622609
-0.559009
-0.490218
-0.418288
-0.346681
-0.279594
-0.219251
-0.165518
-0.116351
-0.0711948
-0.0330091
-0.00750374
0.0306344
0.0274199
0.0153609
-0.00688049
-0.040623
-0.0860786
-0.142153
-0.206889
-0.276148
-0.345349
-0.411635
-0.472797
-0.527423
-0.575102
-0.615853
-0.64987
-0.677184
-0.697148
-0.708143
-0.707622
-0.692631
-0.660877
-0.610805
-0.544075
-0.46464
-0.377906
-0.28994
-0.206601
-0.132745
-0.0708505
-0.0281787
0.00498511
0.0391907
0.075203
0.112638
0.151424
0.190677
0.229941
0.268019
0.304127
0.337127
0.366208
0.390205
0.408654
0.420718
0.426231
0.425279
0.417926
0.404929
0.386919
0.364989
0.339706
0.312484
0.283922
0.255184
0.22661
0.199057
0.172598
0.147629
0.123617
0.0933833
0.0506895
0.000483049
-0.05552
-0.112965
-0.16623
-0.210024
-0.240687
-0.257041
-0.260648
-0.25525
-0.245305
-0.234466
-0.224851
-0.216995
-0.21069
-0.206026
-0.203817
-0.205044
-0.211514
-0.223155
-0.239292
-0.259332
-0.279369
-0.297026
-0.31145
-0.32019
-0.323059
-0.320429
-0.313963
-0.310811
-0.320401
-0.342045
-0.370382
-0.400637
-0.430315
-0.458645
-0.485724
-0.511611
-0.535884
-0.557388
-0.574647
-0.586015
-0.590163
-0.586012
-0.573057
-0.551208
-0.520858
-0.482617
-0.43733
-0.386296
-0.33139
-0.275253
-0.219952
-0.167224
-0.117955
-0.0729676
-0.0326559
0.00167623
0.0296956
0.0454036
0.0556608
0.0500306
0.0351189
0.0116001
-0.0207089
-0.0638858
-0.118233
-0.181805
-0.250188
-0.319365
-0.386379
-0.448555
-0.504104
-0.552267
-0.592723
-0.625332
-0.649628
-0.664256
-0.666941
-0.654926
-0.625709
-0.578542
-0.514406
-0.437518
-0.353478
-0.268552
-0.188615
-0.118311
-0.0597777
-0.019957
0.0106904
0.0424212
0.075972
0.110975
0.147368
0.184333
0.221435
0.257563
0.291912
0.323409
0.351248
0.3743
0.392107
0.403844
0.409338
0.408679
0.401927
0.38981
0.37296
0.352387
0.328679
0.303206
0.27653
0.249736
0.223135
0.197553
0.173041
0.149996
0.127934
0.100084
0.0603571
0.0133541
-0.0396643
-0.0947157
-0.146246
-0.188893
-0.218965
-0.23532
-0.239577
-0.235417
-0.227036
-0.217812
-0.209652
-0.203191
-0.198379
-0.195945
-0.196372
-0.200356
-0.209984
-0.222533
-0.237833
-0.251797
-0.264025
-0.272017
-0.275011
-0.271856
-0.263358
-0.250506
-0.236306
-0.227555
-0.232159
-0.248977
-0.271628
-0.295321
-0.318095
-0.339885
-0.361125
-0.382085
-0.402492
-0.421682
-0.438543
-0.451687
-0.45979
-0.461596
-0.45631
-0.443275
-0.422285
-0.393351
-0.357235
-0.315147
-0.269033
-0.220888
-0.17289
-0.126709
-0.0839038
-0.0455905
-0.0123257
0.0142217
0.0354306
0.00728521
0.0390825
0.0540104
0.0564513
0.0463001
0.0243066
-0.00687002
-0.0485555
-0.102494
-0.165942
-0.234276
-0.303724
-0.371019
-0.433066
-0.487959
-0.534798
-0.573011
-0.602043
-0.620702
-0.626919
-0.618116
-0.591869
-0.547439
-0.486058
-0.411868
-0.330681
-0.248905
-0.172394
-0.105575
-0.0502882
-0.0131558
0.0151719
0.0446178
0.07588
0.108613
0.14276
0.177562
0.212606
0.246869
0.279532
0.309577
0.336217
0.358349
0.375523
0.386935
0.392402
0.392021
0.38584
0.374564
0.358813
0.339525
0.317312
0.29349
0.268577
0.243586
0.218811
0.195045
0.17232
0.151037
0.130756
0.105142
0.0682451
0.0243522
-0.0256991
-0.0783157
-0.128055
-0.169532
-0.199017
-0.215387
-0.220284
-0.217265
-0.210291
-0.202536
-0.195777
-0.190638
-0.187232
-0.187547
-0.190441
-0.197295
-0.206012
-0.216453
-0.226735
-0.234196
-0.238029
-0.236491
-0.229783
-0.217848
-0.202354
-0.184934
-0.169033
-0.160178
-0.163696
-0.177966
-0.1971
-0.217236
-0.237208
-0.257213
-0.277858
-0.299465
-0.321542
-0.343198
-0.362958
-0.379524
-0.391409
-0.397678
-0.397491
-0.390374
-0.376152
-0.354755
-0.32671
-0.292974
-0.255302
-0.215611
-0.175649
-0.137022
-0.101231
-0.0694148
-0.0430822
-0.0221926
-0.00931581
-0.0740301
-0.0410951
-0.00934448
0.0193625
0.0394812
0.0415411
0.0265986
-0.000303039
-0.041239
-0.0954244
-0.159342
-0.227852
-0.297191
-0.363658
-0.424063
-0.476682
-0.520454
-0.554442
-0.577422
-0.587444
-0.582045
-0.558946
-0.517462
-0.458936
-0.387576
-0.309368
-0.230818
-0.157723
-0.0942988
-0.0421315
-0.00752922
0.0186553
0.0459871
0.075119
0.10573
0.137764
0.170521
0.203606
0.236081
0.267122
0.295766
0.321246
0.34248
0.359033
0.370119
0.375553
0.375434
0.369795
0.359319
0.344609
0.326542
0.30575
0.283485
0.26022
0.236904
0.213822
0.191733
0.170658
0.150989
0.132335
0.108809
0.0745991
0.0337039
-0.0134301
-0.0635949
-0.111508
-0.151796
-0.180683
-0.197067
-0.202567
-0.200589
-0.194897
-0.188498
-0.183169
-0.179645
-0.178978
-0.179816
-0.183707
-0.189995
-0.197174
-0.204083
-0.208672
-0.209098
-0.204793
-0.195187
-0.1815
-0.164359
-0.146067
-0.128166
-0.113661
-0.106368
-0.109951
-0.123038
-0.140841
-0.160157
-0.180144
-0.200898
-0.222914
-0.246468
-0.27178
-0.298018
-0.323635
-0.346786
-0.36596
-0.380322
-0.388973
-0.391392
-0.386564
-0.374269
-0.354733
-0.328883
-0.29855
-0.264991
-0.230613
-0.196473
-0.165042
-0.136986
-0.1142
-0.0957512
-0.0848431
-0.139694
-0.113937
-0.0843428
-0.0549693
-0.0185227
0.0143534
0.0278998
0.0192661
-0.00358596
-0.0428594
-0.0971951
-0.161162
-0.22934
-0.297545
-0.361792
-0.419207
-0.468092
-0.507017
-0.534466
-0.548486
-0.546675
-0.526876
-0.488521
-0.432956
-0.364539
-0.28941
-0.214128
-0.144415
-0.0842781
-0.0350947
-0.00286864
0.0213318
0.0467016
0.0738481
0.102471
0.132517
0.163339
0.194557
0.225319
0.254801
0.282088
0.306443
0.326804
0.342746
0.353506
0.358901
0.359025
0.3539
0.344184
0.330462
0.313557
0.294113
0.273315
0.251588
0.229831
0.208325
0.187792
0.168242
0.150053
0.132882
0.111302
0.0796338
0.0416105
-0.00267895
-0.0503962
-0.0964688
-0.135543
-0.163818
-0.1802
-0.186249
-0.185209
-0.180682
-0.175546
-0.17162
-0.169392
-0.169274
-0.171029
-0.174915
-0.179794
-0.184123
-0.186403
-0.184895
-0.178639
-0.167557
-0.15227
-0.134535
-0.115332
-0.0971371
-0.0806658
-0.0683905
-0.0626446
-0.0664386
-0.0784655
-0.0951417
-0.114444
-0.135359
-0.158139
-0.184242
-0.214832
-0.249439
-0.285884
-0.32203
-0.355947
-0.38679
-0.413433
-0.434826
-0.449197
-0.455101
-0.451771
-0.438918
-0.417992
-0.39025
-0.35849
-0.324098
-0.289303
-0.2562
-0.225203
-0.198894
-0.175474
-0.153414
-0.149991
-0.123499
-0.100495
-0.0818675
-0.0575702
-0.0232654
0.00862593
0.0216458
0.0142028
-0.00950106
-0.0501594
-0.105403
-0.169202
-0.236338
-0.302324
-0.363268
-0.416517
-0.460071
-0.491979
-0.510093
-0.512005
-0.495625
-0.460527
-0.408044
-0.342659
-0.270684
-0.198692
-0.132305
-0.0753373
-0.0289984
0.00100139
0.0233628
0.0469066
0.072199
0.0989606
0.127133
0.156124
0.185561
0.214683
0.242666
0.268639
0.291901
0.311412
0.326753
0.33719
0.342537
0.342887
0.338246
0.329251
0.316468
0.300667
0.282502
0.263083
0.242794
0.222492
0.202456
0.183371
0.165231
0.148393
0.132571
0.112805
0.0835375
0.0482491
0.00671839
-0.038577
-0.0828053
-0.120639
-0.148288
-0.164639
-0.171175
-0.170969
-0.167492
-0.163635
-0.160656
-0.159201
-0.159515
-0.161295
-0.163996
-0.166355
-0.166907
-0.164185
-0.157052
-0.145317
-0.129526
-0.111086
-0.0916658
-0.0726049
-0.0559248
-0.0410843
-0.0303933
-0.0243675
-0.0274772
-0.0399327
-0.058442
-0.080054
-0.104519
-0.134311
-0.171597
-0.216155
-0.265424
-0.316932
-0.368733
-0.41963
-0.468508
-0.513825
-0.553482
-0.584656
-0.60482
-0.611585
-0.605056
-0.58594
-0.556276
-0.518477
-0.474135
-0.426347
-0.374749
-0.325964
-0.275901
-0.232643
-0.186932
-0.148122
-0.0962004
-0.0674453
-0.0539368
-0.0470196
-0.031811
-0.00373367
0.0198359
0.0237858
0.0106708
-0.0174399
-0.0615054
-0.117869
-0.181287
-0.246795
-0.309724
-0.366377
-0.414007
-0.450167
-0.472362
-0.478067
-0.465191
-0.433407
-0.38412
-0.32185
-0.253085
-0.184381
-0.121249
-0.0673271
-0.023693
0.00422615
0.0248835
0.0467242
0.0702808
0.0952962
0.121706
0.148961
0.176703
0.204252
0.230795
0.255496
0.277696
0.296379
0.311131
0.321245
0.326538
0.327094
0.322908
0.314598
0.302706
0.287955
0.271
0.252876
0.233932
0.214991
0.19633
0.178594
0.161753
0.146146
0.131555
0.11348
0.086475
0.0537779
0.0149111
-0.0280092
-0.0703912
-0.106967
-0.133972
-0.150246
-0.157193
-0.157702
-0.155175
-0.152286
-0.150001
-0.148964
-0.149223
-0.150087
-0.150676
-0.149832
-0.14623
-0.13874
-0.127025
-0.111518
-0.0932505
-0.073656
-0.0542446
-0.0366774
-0.02186
-0.00889367
-0.000228494
0.00540732
-0.000641931
-0.0164367
-0.0374802
-0.0629802
-0.0953983
-0.136745
-0.187133
-0.244968
-0.30801
-0.374492
-0.44282
-0.512111
-0.580706
-0.646698
-0.706878
-0.757249
-0.793361
-0.812755
-0.814467
-0.799156
-0.768496
-0.722902
-0.664036
-0.593128
-0.516588
-0.437161
-0.359925
-0.286375
-0.21614
-0.205144
-0.119053
-0.0521965
-0.0195834
-0.0113864
-0.00407248
0.0078791
0.0266763
0.035998
0.0277317
0.00652824
-0.027818
-0.0755129
-0.133174
-0.196133
-0.25937
-0.318287
-0.369265
-0.409289
-0.435429
-0.444926
-0.435626
-0.406936
-0.361095
-0.302036
-0.236515
-0.171082
-0.111123
-0.0601205
-0.0190543
0.00692405
0.0260052
0.0462565
0.0681844
0.091559
0.116308
0.141922
0.168047
0.194089
0.219251
0.242722
0.26389
0.281766
0.29594
0.305733
0.310964
0.311709
0.30795
0.300289
0.289242
0.275486
0.259675
0.242766
0.225082
0.207417
0.190046
0.173564
0.157914
0.14343
0.12997
0.113472
0.0885905
0.0583395
0.0220308
-0.018573
-0.0591114
-0.0944236
-0.120752
-0.136906
-0.144163
-0.145264
-0.143633
-0.141409
-0.139463
-0.138463
-0.138034
-0.137182
-0.135133
-0.130807
-0.123055
-0.111494
-0.0966234
-0.0791902
-0.0602295
-0.041082
-0.0234244
-0.0081302
0.0048137
0.0141122
0.0173017
0.0187272
0.00964808
-0.00711499
-0.0292088
-0.0577825
-0.0948348
-0.141811
-0.198272
-0.262157
-0.331335
-0.404219
-0.479754
-0.557329
-0.635839
-0.713297
-0.786154
-0.849491
-0.898068
-0.92837
-0.938492
-0.929074
-0.900846
-0.854868
-0.791979
-0.715239
-0.631299
-0.544978
-0.464978
-0.367945
-0.344757
-0.301378
-0.209105
-0.0980604
-0.0460717
0.00226418
0.0260595
0.0341628
0.0446046
0.0528303
0.0463822
0.0279874
-0.000521232
-0.0407491
-0.0919855
-0.150908
-0.212846
-0.2728
-0.326277
-0.369631
-0.399458
-0.412657
-0.406964
-0.381679
-0.338965
-0.283159
-0.22089
-0.158695
-0.101819
-0.0536091
-0.0149786
0.00919101
0.0268171
0.0455871
0.0659854
0.0878149
0.110999
0.135061
0.159648
0.184245
0.208082
0.230367
0.250532
0.267621
0.281228
0.290703
0.295866
0.29678
0.29342
0.286374
0.276127
0.263315
0.248581
0.232815
0.216311
0.199845
0.183684
0.168361
0.153802
0.14035
0.127935
0.112908
0.0900096
0.0620611
0.028195
-0.0101556
-0.0488686
-0.0829104
-0.108524
-0.124509
-0.131959
-0.133576
-0.132658
-0.130771
-0.128886
-0.127525
-0.125719
-0.122701
-0.117876
-0.109984
-0.0984621
-0.0839944
-0.0674206
-0.0494043
-0.0312612
-0.0144449
0.000202869
0.0125487
0.0208937
0.0236536
0.0229351
0.0221289
0.0128812
-0.00192965
-0.0212665
-0.0460759
-0.0779474
-0.120201
-0.170742
-0.22838
-0.291651
-0.359198
-0.429763
-0.502136
-0.574932
-0.646143
-0.712429
-0.769861
-0.814816
-0.844729
-0.858217
-0.855426
-0.836277
-0.801515
-0.751833
-0.690125
-0.620649
-0.548788
-0.482358
-0.4223
-0.376749
-0.311234
-0.259846
-0.182543
-0.11203
-0.0317805
0.0163372
0.0437433
0.0591148
0.0669342
0.0638583
0.0481075
0.0231316
-0.0115922
-0.0569326
-0.111202
-0.170585
-0.230365
-0.285429
-0.33148
-0.364627
-0.381341
-0.379161
-0.357276
-0.317735
-0.265164
-0.206134
-0.147133
-0.093244
-0.0477004
-0.0113785
0.0111053
0.0273899
0.0447827
0.0637452
0.0841175
0.105824
0.128421
0.151545
0.174759
0.197325
0.218468
0.237659
0.253982
0.267034
0.276193
0.28128
0.282345
0.279358
0.272893
0.263403
0.251482
0.237765
0.223072
0.207675
0.192336
0.177307
0.163051
0.149493
0.136997
0.125555
0.111892
0.0908411
0.0650544
0.0335115
-0.00265639
-0.0395748
-0.0723352
-0.0972078
-0.112935
-0.120485
-0.122583
-0.122094
-0.120233
-0.11822
-0.115934
-0.112273
-0.107095
-0.0994169
-0.0880725
-0.0738029
-0.0577403
-0.0403421
-0.0228223
-0.00718698
0.00573151
0.0159998
0.0232314
0.0261369
0.027697
0.0292942
0.0289729
0.022299
0.0122912
-0.00282648
-0.0233197
-0.0495495
-0.0833983
-0.125052
-0.173365
-0.226643
-0.283182
-0.341208
-0.398938
-0.454699
-0.506863
-0.55366
-0.593037
-0.622746
-0.641529
-0.648597
-0.644143
-0.628786
-0.6043
-0.572034
-0.532521
-0.485011
-0.431471
-0.380105
-0.34532
-0.331332
-0.22551
-0.228024
-0.211315
-0.162211
-0.0964523
-0.0299116
0.01955
0.0504699
0.0682751
0.0732093
0.0636192
0.0430007
0.0127679
-0.0271135
-0.0767194
-0.132769
-0.191299
-0.247034
-0.295098
-0.331112
-0.351082
-0.352252
-0.333716
-0.297373
-0.248002
-0.192183
-0.136317
-0.085319
-0.0423154
-0.00817922
0.0127322
0.0277796
0.0438947
0.0615125
0.0805098
0.100821
0.122034
0.143769
0.165658
0.187007
0.207051
0.225299
0.240875
0.253385
0.26223
0.267234
0.268432
0.265794
0.259878
0.251101
0.240021
0.227261
0.213575
0.199219
0.18494
0.170964
0.157691
0.145057
0.133453
0.122916
0.110513
0.0911783
0.0674176
0.0380784
0.00401351
-0.0311441
-0.0626224
-0.0867196
-0.102082
-0.109701
-0.112162
-0.111778
-0.109801
-0.107335
-0.103556
-0.0980658
-0.0907927
-0.0801127
-0.0661235
-0.0505091
-0.0335673
-0.0160511
-0.000438811
0.0117804
0.0211275
0.0282203
0.0329779
0.0370771
0.0397432
0.0352716
0.034549
0.0357118
0.0295097
0.0151304
-0.00607322
-0.0326756
-0.0639738
-0.100088
-0.139616
-0.181961
-0.224918
-0.267276
-0.30732
-0.343845
-0.375637
-0.40181
-0.421674
-0.434556
-0.439377
-0.436415
-0.426608
-0.411819
-0.393438
-0.372476
-0.348496
-0.319333
-0.283352
-0.243196
-0.210595
-0.206313
-0.133829
-0.154966
-0.168634
-0.160404
-0.129439
-0.078509
-0.0250634
0.0198636
0.0514283
0.069709
0.0704825
0.0571445
0.0322728
-0.00295686
-0.0472843
-0.0994195
-0.155808
-0.211342
-0.260708
-0.299079
-0.32199
-0.326306
-0.311015
-0.277852
-0.231631
-0.17898
-0.126181
-0.0779745
-0.0373867
-0.00531611
0.0141272
0.0280312
0.0429619
0.0593238
0.0770249
0.0960159
0.115921
0.13634
0.156963
0.177145
0.196134
0.21347
0.22832
0.240299
0.248833
0.253749
0.255062
0.252749
0.247349
0.239244
0.228956
0.217098
0.204356
0.190978
0.177694
0.164697
0.152328
0.140554
0.129788
0.120089
0.10884
0.0911001
0.0692377
0.0419833
0.00993694
-0.023501
-0.0537026
-0.0769589
-0.0919085
-0.0995511
-0.102154
-0.101677
-0.0994516
-0.0960384
-0.0906075
-0.0835431
-0.0739452
-0.0606511
-0.0454819
-0.0293358
-0.0119104
0.00432985
0.0169628
0.026555
0.0343778
0.0397357
0.0400307
0.0284978
0.0143347
-0.00101926
0.0142997
0.0112785
0.00982586
-0.00228917
-0.0235708
-0.0504772
-0.0809638
-0.113759
-0.147582
-0.180487
-0.211246
-0.238111
-0.260532
-0.278223
-0.290746
-0.298438
-0.301325
-0.30038
-0.296054
-0.287968
-0.276147
-0.260929
-0.243671
-0.225619
-0.208363
-0.191353
-0.171422
-0.146287
-0.121166
-0.113781
-0.0772923
-0.096359
-0.115883
-0.125362
-0.120743
-0.0962638
-0.0581787
-0.0147154
0.0242982
0.0539865
0.0667763
0.0635818
0.0460489
0.0167394
-0.0226319
-0.0703902
-0.123986
-0.178537
-0.22849
-0.268672
-0.294168
-0.301395
-0.289198
-0.259151
-0.216015
-0.166475
-0.116669
-0.0711501
-0.0328575
-0.00273505
0.015337
0.0281812
0.0420135
0.0572052
0.0736873
0.0914288
0.110098
0.129271
0.148685
0.16775
0.185727
0.202183
0.216328
0.227788
0.236014
0.240834
0.242249
0.240236
0.235322
0.227847
0.218306
0.207294
0.19544
0.182979
0.17063
0.158537
0.147004
0.136037
0.126057
0.117129
0.106933
0.0906753
0.0705911
0.0453043
0.0151898
-0.0165798
-0.0454983
-0.0678528
-0.0823687
-0.0898839
-0.0924919
-0.0918101
-0.0890476
-0.0843623
-0.0775054
-0.0688316
-0.0568707
-0.0422113
-0.0269374
-0.0103382
0.00630292
0.0190862
0.0276015
0.0336604
0.0343566
0.0228322
-0.00408247
-0.0319993
-0.0425609
-0.0852974
-0.0700372
-0.0710984
-0.0749106
-0.0876231
-0.107521
-0.129972
-0.155347
-0.181043
-0.20667
-0.228725
-0.244543
-0.253887
-0.257076
-0.255456
-0.250345
-0.241589
-0.23056
-0.216844
-0.202136
-0.186846
-0.172327
-0.15931
-0.148182
-0.137655
-0.126059
-0.113135
-0.0992124
-0.0849392
-0.0714504
-0.0663305
-0.0449289
-0.0576039
-0.0746352
-0.0888934
-0.0950746
-0.088989
-0.0690094
-0.038
-0.00187121
0.0323095
0.0542516
0.0617663
0.0531473
0.0308831
-0.00299619
-0.0455402
-0.0958249
-0.148732
-0.198599
-0.240021
-0.2677
-0.277574
-0.268285
-0.241259
-0.201127
-0.154622
-0.107729
-0.0647952
-0.0286797
-0.000392117
0.0163996
0.0282598
0.0410718
0.0551747
0.0705132
0.0870732
0.104574
0.122569
0.140831
0.158826
0.175833
0.191442
0.204904
0.215857
0.223779
0.228498
0.229998
0.228265
0.223805
0.21692
0.208081
0.197865
0.186841
0.175244
0.163769
0.152513
0.141755
0.131549
0.122303
0.114079
0.10484
0.0899638
0.0715444
0.0481116
0.0198388
-0.0103191
-0.0379301
-0.0593585
-0.0734073
-0.080712
-0.0831834
-0.0821201
-0.078529
-0.0725763
-0.0644537
-0.0540305
-0.0404242
-0.0256618
-0.0104401
0.00572409
0.0187329
0.0258152
0.0291989
0.0266609
0.0102678
-0.0173391
-0.0414929
-0.0616239
-0.0990649
-0.14503
-0.172247
-0.199161
-0.223033
-0.252548
-0.278748
-0.301873
-0.317625
-0.332367
-0.344785
-0.351935
-0.348462
-0.332463
-0.309187
-0.281421
-0.253303
-0.225612
-0.199166
-0.174059
-0.150431
-0.129161
-0.110333
-0.0942103
-0.0809494
-0.0721521
-0.0678194
-0.0651034
-0.0596425
-0.0505918
-0.0420725
-0.0390817
-0.0270061
-0.0338411
-0.0451392
-0.0585175
-0.0690186
-0.0720761
-0.0650147
-0.0476771
-0.0203951
0.011133
0.0375142
0.0530117
0.0536972
0.0394297
0.0117838
-0.0265674
-0.0715771
-0.122032
-0.171158
-0.213232
-0.242651
-0.254887
-0.248305
-0.224167
-0.186944
-0.143382
-0.0993163
-0.0588669
-0.0248146
0.00174814
0.0173451
0.0282907
0.0401536
0.0532444
0.0675128
0.0829571
0.099352
0.116236
0.133401
0.150373
0.166451
0.181245
0.194045
0.204506
0.212127
0.216739
0.218311
0.216837
0.212801
0.206468
0.198288
0.18882
0.178574
0.167787
0.157129
0.146646
0.136612
0.127126
0.118562
0.110976
0.102608
0.0890188
0.0721559
0.0504687
0.0239402
-0.00465633
-0.0309357
-0.0514184
-0.0649721
-0.0719984
-0.0741997
-0.0725427
-0.0680047
-0.0609009
-0.0515294
-0.0396027
-0.0254216
-0.0111283
0.00362986
0.0169156
0.0238896
0.025513
0.0230184
0.00975152
-0.013096
-0.0336471
-0.0484271
-0.0672
-0.113978
-0.189223
-0.262909
-0.324752
-0.389704
-0.452362
-0.5038
-0.537078
-0.550968
-0.549408
-0.542745
-0.52999
-0.506774
-0.467826
-0.415588
-0.357247
-0.299256
-0.248254
-0.204468
-0.167709
-0.136503
-0.11058
-0.0893774
-0.0731312
-0.0613467
-0.0525679
-0.0450431
-0.0388449
-0.0346949
-0.030545
-0.02551
-0.0237491
-0.0131596
-0.0183559
-0.0255449
-0.0356844
-0.0462565
-0.0534586
-0.0541886
-0.0456986
-0.0293188
-0.00503291
0.0210324
0.0405633
0.0488039
0.0426493
0.0221265
-0.0106773
-0.050861
-0.0984233
-0.146242
-0.188386
-0.219084
-0.233372
-0.22927
-0.207866
-0.173444
-0.132723
-0.0913906
-0.0533269
-0.0212303
0.0037137
0.018197
0.028293
0.0392718
0.0514215
0.064691
0.0790837
0.094433
0.110268
0.126392
0.142385
0.157575
0.171587
0.183749
0.193729
0.201054
0.205554
0.207185
0.205951
0.20231
0.196492
0.18893
0.180161
0.170643
0.160619
0.150723
0.140954
0.131601
0.122794
0.114858
0.107852
0.100279
0.087887
0.0724792
0.0524304
0.0275422
0.00047188
-0.0244685
-0.0439932
-0.0570219
-0.0637128
-0.0654905
-0.0630952
-0.0576256
-0.0494594
-0.0389476
-0.026133
-0.012218
0.00124167
0.01414
0.0224608
0.0239876
0.022261
0.0146083
-0.00328178
-0.0206309
-0.0300181
-0.0389174
-0.0753092
-0.152052
-0.241731
-0.363928
-0.418297
-0.515658
-0.587002
-0.654295
-0.694884
-0.711584
-0.707425
-0.690588
-0.666061
-0.629008
-0.57411
-0.500051
-0.416342
-0.334559
-0.264204
-0.207446
-0.162968
-0.128043
-0.100988
-0.0805843
-0.0658754
-0.0557152
-0.048898
-0.0438079
-0.0392265
-0.0345068
-0.0286404
-0.0194331
-0.0116234
-0.00586498
-0.00834402
-0.0131534
-0.0193031
-0.0279785
-0.0362118
-0.041507
-0.0401226
-0.0305636
-0.0145201
0.00730764
0.0276515
0.0406217
0.0412542
0.0280539
0.00112877
-0.0359068
-0.0782666
-0.12391
-0.165542
-0.197036
-0.213053
-0.211184
-0.19236
-0.16061
-0.122617
-0.0839197
-0.0481416
-0.0179002
0.00552603
0.0189736
0.0282806
0.0384353
0.0497099
0.0620488
0.0754525
0.0898132
0.104659
0.119796
0.134854
0.149195
0.162457
0.174004
0.183519
0.190551
0.194935
0.196614
0.1956
0.192325
0.186986
0.180005
0.171891
0.163055
0.153746
0.144559
0.135453
0.126741
0.11857
0.111212
0.104736
0.0978907
0.0866102
0.0725632
0.0540398
0.0306951
0.00512172
-0.0184897
-0.0370612
-0.049409
-0.0558006
-0.0570238
-0.0538528
-0.0475125
-0.0383791
-0.0270262
-0.0140373
-0.00096643
0.0110496
0.0207109
0.0241293
0.0228355
0.0193126
0.00765931
-0.00758739
-0.0155656
-0.0258724
-0.0570354
-0.100064
-0.239197
-0.280363
-0.34966
-0.411104
-0.492781
-0.562317
-0.626366
-0.67162
-0.694719
-0.697965
-0.684371
-0.657368
-0.615393
-0.555949
-0.478395
-0.390769
-0.306082
-0.234661
-0.17818
-0.132932
-0.0964506
-0.0669014
-0.0438229
-0.0279955
-0.0202576
-0.0189377
-0.0197417
-0.0204923
-0.0215729
-0.0214432
-0.0187511
-0.0105487
-0.018487
-0.00909342
-0.00863085
-0.0102784
-0.0148567
-0.0213499
-0.0282974
-0.0318034
-0.0282022
-0.0181935
-0.00229498
0.0161193
0.0313242
0.036823
0.0301338
0.00963281
-0.0222749
-0.0611644
-0.104124
-0.144708
-0.176516
-0.193944
-0.194058
-0.177643
-0.148435
-0.113034
-0.0768742
-0.0432838
-0.0148009
0.00720153
0.0196875
0.0282633
0.0376499
0.0481104
0.0595841
0.0720594
0.0854862
0.0993988
0.113603
0.12777
0.1413
0.153844
0.164798
0.173862
0.180607
0.18487
0.186586
0.185776
0.182838
0.177945
0.171508
0.164007
0.155808
0.14717
0.138643
0.130152
0.122045
0.114469
0.10764
0.101651
0.0954722
0.0852257
0.0724473
0.0553348
0.0334485
0.00933821
-0.012958
-0.0305907
-0.0422975
-0.0482451
-0.0488143
-0.044908
-0.0377584
-0.0278189
-0.0160756
-0.00353697
0.00826025
0.0182018
0.0243279
0.0246773
0.0224565
0.0168835
0.00500557
-0.00456295
-0.00803208
-0.0295206
-0.103051
-0.150806
-0.249715
-0.280891
-0.273487
-0.3073
-0.368221
-0.423799
-0.471466
-0.506321
-0.526019
-0.531577
-0.523747
-0.502541
-0.466586
-0.416937
-0.358059
-0.29703
-0.23978
-0.189497
-0.146181
-0.108161
-0.0744403
-0.0445011
-0.0193744
0.000800707
0.0138225
0.0172639
0.0113305
0.000188679
-0.0119901
-0.0222978
-0.0280492
-0.029554
-0.0259904
-0.0247174
-0.0149588
-0.00981926
-0.0101856
-0.0121785
-0.0167054
-0.022078
-0.0232161
-0.0180917
-0.00750204
0.00713517
0.0221866
0.0309599
0.0292189
0.0148058
-0.0118564
-0.0468198
-0.0867677
-0.125863
-0.157545
-0.176054
-0.177909
-0.163682
-0.13691
-0.103956
-0.0702252
-0.0387302
-0.0119122
0.00875352
0.0203471
0.0282474
0.0369182
0.0466211
0.0572917
0.068898
0.0814433
0.0944769
0.107799
0.121119
0.133874
0.145732
0.156117
0.164744
0.171207
0.175347
0.17709
0.176465
0.173838
0.16936
0.163431
0.156503
0.1489
0.140892
0.132976
0.125058
0.117523
0.110499
0.104154
0.098615
0.0930484
0.0837646
0.0721646
0.056352
0.0358435
0.0131636
-0.00783271
-0.0245574
-0.0356323
-0.0410305
-0.0409135
-0.0363376
-0.0284415
-0.0179602
-0.00632674
0.00532012
0.0155841
0.0232286
0.0265686
0.0256469
0.0230012
0.0166127
0.0074396
0.00174832
-0.0136478
-0.0541322
-0.127601
-0.179646
-0.200083
-0.197858
-0.167664
-0.18521
-0.228252
-0.267888
-0.298056
-0.31792
-0.32883
-0.331795
-0.327271
-0.315535
-0.297948
-0.277138
-0.254091
-0.228625
-0.200621
-0.171263
-0.140844
-0.110264
-0.0800246
-0.0516961
-0.0271913
-0.00828293
0.00349634
0.00673109
0.00175344
-0.00774737
-0.0161252
-0.0234065
-0.0234834
-0.0117265
0.0110462
0.00945171
0.00343833
-0.00263843
-0.00535659
-0.00717597
-0.00894669
-0.012835
-0.0164595
-0.0154994
-0.00915137
0.0013455
0.0141319
0.0246525
0.0264847
0.0172336
-0.00426355
-0.0350549
-0.0716782
-0.108991
-0.140143
-0.159363
-0.162737
-0.150481
-0.126016
-0.0953689
-0.0639465
-0.0344598
-0.00921737
0.0101933
0.020959
0.0282364
0.0362409
0.0452383
0.0551644
0.065959
0.0776737
0.0898792
0.102368
0.114884
0.126901
0.138104
0.147943
0.156148
0.162336
0.166349
0.168111
0.167655
0.165313
0.16122
0.155768
0.149373
0.142329
0.134908
0.127559
0.120178
0.113182
0.106667
0.100766
0.0956437
0.0906373
0.0822529
0.0717435
0.0571233
0.0379162
0.0166438
-0.00309087
-0.0189528
-0.0293668
-0.0341466
-0.0333779
-0.028185
-0.0196471
-0.00898719
0.00212468
0.0126754
0.0213492
0.0269095
0.028576
0.0275823
0.0254933
0.0198032
0.0129861
0.00328655
-0.0246787
-0.0810996
-0.126679
-0.150287
-0.132547
-0.113875
-0.0893325
-0.103438
-0.134399
-0.158588
-0.173126
-0.18406
-0.195655
-0.20779
-0.217094
-0.22188
-0.223328
-0.221715
-0.216444
-0.207237
-0.194705
-0.179723
-0.162324
-0.143426
-0.122769
-0.102163
-0.0825324
-0.0657321
-0.0528728
-0.0449957
-0.0440592
-0.0441255
-0.0412105
-0.0295441
-0.0181611
0.00182443
0.0384157
0.0404835
0.0307532
0.0221038
0.0107115
0.00146698
-0.00233963
-0.00524649
-0.00910294
-0.0110607
-0.00832589
-0.00128025
0.00782902
0.0185083
0.0229073
0.0176817
0.000951184
-0.0256109
-0.0587191
-0.0939894
-0.12429
-0.143846
-0.148521
-0.138047
-0.115732
-0.0872633
-0.0580167
-0.0304534
-0.00670238
0.0115294
0.0215276
0.0282321
0.0356174
0.0439572
0.0531931
0.0632314
0.0741648
0.0855905
0.0972944
0.109047
0.120362
0.130941
0.140256
0.148056
0.153975
0.15786
0.159632
0.159331
0.15725
0.153514
0.148506
0.14261
0.136088
0.129214
0.12239
0.115513
0.109025
0.102977
0.0974826
0.0927486
0.0882513
0.0807132
0.071207
0.0576757
0.0397051
0.0198182
0.00128684
-0.0137621
-0.0234698
-0.0276085
-0.0262479
-0.0204735
-0.0114882
-0.00102957
0.00935384
0.018787
0.0259289
0.0299087
0.0309724
0.0306035
0.0291156
0.0238017
0.017299
-0.00551234
-0.0431721
-0.0872534
-0.106043
-0.102446
-0.0793726
-0.0580472
-0.0477386
-0.0655814
-0.0880265
-0.106709
-0.121879
-0.134883
-0.146505
-0.155617
-0.162653
-0.169041
-0.175305
-0.180527
-0.184844
-0.188939
-0.19394
-0.199861
-0.206909
-0.214291
-0.221001
-0.226053
-0.230006
-0.2353
-0.241202
-0.241545
-0.22624
-0.190029
-0.138944
-0.0813724
-0.0324743
0.00804567
0.00264363
0.0345386
0.0449221
0.0357247
0.0285063
0.0170101
0.00739342
0.0020862
-0.0020288
-0.00550882
-0.00576667
-0.0016641
0.00614454
0.0138237
0.0192585
0.0169409
0.00432029
-0.0182377
-0.0479744
-0.0807293
-0.109933
-0.129494
-0.13523
-0.126376
-0.10604
-0.0796251
-0.0524182
-0.026694
-0.00435569
0.0127689
0.0220554
0.0282349
0.0350463
0.0427727
0.0513687
0.0607034
0.070903
0.081595
0.0925593
0.10359
0.114238
0.124222
0.133037
0.140447
0.146104
0.149862
0.151638
0.151476
0.149634
0.146229
0.141637
0.136205
0.130169
0.123806
0.117468
0.111066
0.105053
0.0994328
0.094312
0.0899375
0.0858996
0.0791627
0.0705708
0.0580351
0.0412481
0.0227144
0.00531156
-0.00895059
-0.0179118
-0.0214453
-0.0195413
-0.013238
-0.0040875
0.00590903
0.015522
0.0238521
0.0296574
0.0326491
0.0336725
0.0336182
0.031479
0.0243758
0.00972859
-0.0193871
-0.0541798
-0.0760328
-0.0757917
-0.0623945
-0.043551
-0.0328388
-0.0359832
-0.0486595
-0.0654656
-0.0814394
-0.0904732
-0.0936368
-0.0913608
-0.0883564
-0.0892
-0.095425
-0.106366
-0.121609
-0.141215
-0.165149
-0.192851
-0.223394
-0.256463
-0.290357
-0.322747
-0.350719
-0.37495
-0.396643
-0.414721
-0.417221
-0.393526
-0.34346
-0.275391
-0.207976
-0.0787457
-0.0938255
-0.0479495
-0.00968248
0.0328832
0.0327534
0.0348717
0.0288949
0.0193074
0.0108957
0.00508061
0.000455132
-0.00208459
-0.000948476
0.00399173
0.0104348
0.0158927
0.0155688
0.00634057
-0.0125556
-0.0389171
-0.0690744
-0.0969858
-0.116293
-0.122854
-0.115425
-0.0969212
-0.0724413
-0.0471347
-0.0231656
-0.00216802
0.0139186
0.0225443
0.0282444
0.0345261
0.0416805
0.0496824
0.0583634
0.0678747
0.0778767
0.0881456
0.098495
0.108508
0.117926
0.126266
0.133301
0.138706
0.142336
0.14411
0.144073
0.142449
0.139352
0.135148
0.130147
0.124565
0.118675
0.112789
0.106836
0.101268
0.0960364
0.0912602
0.0872163
0.0835901
0.0776124
0.0698443
0.0582288
0.042578
0.0253528
0.00899116
-0.00433058
-0.0126724
-0.0156855
-0.0132586
-0.00653846
0.00248618
0.0119134
0.0207502
0.0280064
0.0328174
0.0350771
0.0357903
0.0347775
0.0294687
0.0179741
-0.00391313
-0.0291701
-0.0506233
-0.0559195
-0.0493191
-0.0379761
-0.0300777
-0.0343005
-0.0413613
-0.0707524
-0.0911553
-0.0851203
-0.0647081
-0.0427697
-0.0294706
-0.0264719
-0.0315858
-0.0434148
-0.0614437
-0.0857545
-0.116373
-0.152484
-0.19267
-0.235265
-0.279133
-0.321424
-0.35833
-0.387197
-0.409003
-0.425161
-0.431111
-0.418572
-0.382534
-0.325256
-0.257461
-0.189897
-0.125
-0.089759
-0.0476562
-0.0324853
0.00417176
0.0204706
0.0309988
0.0325381
0.0275562
0.0196636
0.0124888
0.00674281
0.00250334
0.00117312
0.00357941
0.0082266
0.013036
0.0139502
0.00739099
-0.00822085
-0.0314039
-0.0588958
-0.0853527
-0.104196
-0.111359
-0.105182
-0.0883577
-0.0656981
-0.042154
-0.019853
-0.000130965
0.0149855
0.0229971
0.0282602
0.0340549
0.0406766
0.0481266
0.056201
0.0650673
0.074421
0.0840371
0.0937438
0.103156
0.112036
0.119921
0.126598
0.131759
0.135262
0.137029
0.137104
0.135679
0.132868
0.129026
0.124423
0.119264
0.113814
0.108351
0.102821
0.0976669
0.09279
0.0883333
0.0845916
0.0813334
0.0760671
0.0690357
0.0582831
0.0437223
0.027748
0.012333
-0.000101247
-0.00777566
-0.0103458
-0.00739581
-0.000447069
0.00823482
0.0170639
0.0250742
0.0312299
0.0347551
0.0366704
0.0362403
0.0329486
0.0236172
0.00808894
-0.0129001
-0.0292139
-0.0380643
-0.0368573
-0.029817
-0.0217558
-0.0119077
-0.00779483
-0.0067539
-0.0605028
-0.08152
-0.0848482
-0.0642266
-0.0400361
-0.0244502
-0.0196494
-0.0246473
-0.0364378
-0.0545852
-0.0776822
-0.109855
-0.14859
-0.190697
-0.233162
-0.275723
-0.31483
-0.34504
-0.36336
-0.369585
-0.363289
-0.343271
-0.309655
-0.264874
-0.213521
-0.161436
-0.113492
-0.0710185
-0.0451067
-0.0181722
-0.0206615
-0.0121146
0.00733002
0.0199432
0.0285621
0.029616
0.0255853
0.0189994
0.0128337
0.00763214
0.00431385
0.00439755
0.00720111
0.0109239
0.0123994
0.00780157
-0.00494368
-0.0252055
-0.0501046
-0.074929
-0.0931382
-0.100713
-0.0956233
-0.080329
-0.0593797
-0.0374659
-0.0167424
0.00176357
0.0159773
0.023417
0.0282812
0.0336303
0.0397567
0.0466943
0.0542066
0.0624691
0.0712142
0.0802185
0.0893207
0.0981637
0.106533
0.113985
0.12032
0.125244
0.12862
0.130375
0.130549
0.129306
0.126761
0.123253
0.119021
0.114255
0.109216
0.104147
0.0990175
0.0942471
0.0896954
0.0855374
0.0820726
0.0791437
0.0745283
0.0681551
0.0582216
0.044704
0.0299096
0.0153593
0.0038185
-0.00325419
-0.0054147
-0.00195726
0.00497534
0.0131998
0.0214216
0.0285581
0.0336953
0.0363973
0.0369767
0.0346945
0.0284422
0.0168103
0.000534403
-0.0138632
-0.0218529
-0.0229199
-0.014542
0.00428456
0.0235089
0.0364385
0.0448412
0.027357
-0.0231561
-0.0580795
-0.06644
-0.0534794
-0.0452887
-0.0410905
-0.0449695
-0.0539333
-0.0645742
-0.0772154
-0.093694
-0.117358
-0.145638
-0.175213
-0.203709
-0.230601
-0.253531
-0.269159
-0.274024
-0.267552
-0.251202
-0.225275
-0.19074
-0.151456
-0.110999
-0.0740931
-0.0403659
-0.0128349
-0.00175439
0.0125254
0.000735425
-0.0083117
0.000393117
0.0101598
0.020887
0.0263115
0.0270847
0.0233704
0.0178296
0.0125508
0.00810231
0.00615534
0.00717626
0.0096131
0.0110877
0.0078832
-0.00248143
-0.0201023
-0.0424888
-0.0656086
-0.0830508
-0.0908465
-0.086705
-0.0728168
-0.053467
-0.0330623
-0.0138208
0.00352381
0.0169011
0.0238071
0.0283061
0.033249
0.0389161
0.0453781
0.052371
0.060069
0.0682428
0.076674
0.0852091
0.0935144
0.101398
0.108437
0.114444
0.11914
0.122391
0.124127
0.124388
0.12331
0.121014
0.117816
0.113927
0.109527
0.104872
0.100174
0.0954209
0.0910051
0.0867543
0.0828789
0.0796706
0.0770366
0.0729987
0.0672173
0.0580624
0.0455419
0.0318437
0.0181011
0.00746164
0.000852452
-0.000847307
0.00302728
0.00969395
0.0174481
0.0250292
0.0312497
0.0352682
0.0368174
0.0357244
0.0315036
0.0230541
0.0113652
-0.00173705
-0.0088396
-0.00971886
-0.000940674
0.019509
0.0401652
0.0576835
0.0665179
0.0579009
0.0245734
-0.00616103
-0.0500457
-0.0840813
-0.0997275
-0.107163
-0.110247
-0.113857
-0.119581
-0.124903
-0.128074
-0.13025
-0.132924
-0.135198
-0.136176
-0.135718
-0.133977
-0.131097
-0.128461
-0.124841
-0.117926
-0.105699
-0.091479
-0.0768122
-0.0631621
-0.0478416
-0.0287736
-0.00677452
0.0186363
0.0328014
0.0344061
0.0224724
0.00617296
0.00154434
0.00569928
0.0136508
0.0208372
0.0246584
0.0247216
0.0211364
0.0165297
0.0119067
0.00855975
0.00792446
0.00909631
0.0101211
0.0078194
-0.000574923
-0.0158814
-0.0359346
-0.0570433
-0.0738642
-0.0813291
-0.0783835
-0.0658022
-0.0479391
-0.0289377
-0.0110756
0.00515839
0.017763
0.0241697
0.0283327
0.032906
0.0381482
0.0441692
0.050683
0.0578548
0.0654922
0.0733863
0.0813902
0.0891885
0.0966109
0.103258
0.108951
0.113425
0.116552
0.118266
0.118603
0.117676
0.115611
0.1127
0.109127
0.105071
0.100775
0.0964238
0.0920249
0.0879372
0.0839678
0.0803624
0.0773949
0.0750253
0.071484
0.06624
0.0578173
0.0462558
0.0335486
0.0206012
0.0108268
0.00452848
0.00342068
0.00748728
0.0137233
0.0210601
0.0279148
0.0331496
0.0359538
0.0360007
0.0333765
0.0275809
0.0187935
0.00872397
0.0014575
0.00100159
0.00875342
0.0257149
0.045234
0.0572706
0.065599
0.0442009
0.00595829
-0.0625008
-0.0586341
-0.116974
-0.148808
-0.166129
-0.176694
-0.186045
-0.194908
-0.203395
-0.210249
-0.210377
-0.20068
-0.180645
-0.153097
-0.121482
-0.0904236
-0.0626396
-0.040668
-0.0259492
-0.0191182
-0.0193673
-0.0241385
-0.0293164
-0.0328804
-0.0340706
-0.0372164
-0.035293
-0.0189288
0.0107002
0.0450826
0.040419
0.0456301
0.034815
0.0177428
0.00882836
0.0104634
0.0161894
0.0205744
0.0233944
0.022364
0.0191314
0.0150832
0.0112198
0.00920396
0.00920819
0.00961598
0.0077008
0.000935184
-0.0123237
-0.030342
-0.0496083
-0.0654842
-0.0728158
-0.0706476
-0.0592691
-0.042774
-0.0250856
-0.00849655
0.00667763
0.0185659
0.0245057
0.0283583
0.0325958
0.0374457
0.0430571
0.0491299
0.0558122
0.062946
0.070336
0.0778423
0.0851641
0.0921503
0.0984248
0.103817
0.10808
0.111085
0.112774
0.113176
0.112388
0.110537
0.107891
0.104611
0.100876
0.0969162
0.0928912
0.088823
0.085039
0.0813353
0.0779901
0.0752502
0.0731169
0.0699942
0.0652407
0.0574975
0.04686
0.0350278
0.0229068
0.0138767
0.00782275
0.00740799
0.0113368
0.017159
0.0240645
0.0300674
0.0341351
0.0356535
0.0343089
0.030649
0.0242421
0.0168257
0.0105198
0.00865922
0.014817
0.0278426
0.0445047
0.0550599
0.0527934
0.0396696
0.00149921
-0.0305877
-0.0533905
-0.0705737
-0.108051
-0.14434
-0.178112
-0.207113
-0.231805
-0.251508
-0.264696
-0.268654
-0.262063
-0.242598
-0.210376
-0.171285
-0.13025
-0.0924237
-0.0597814
-0.0357401
-0.0198753
-0.0143
-0.0156434
-0.0234086
-0.0325959
-0.0383763
-0.0408414
-0.0448199
-0.0475449
-0.0286794
0.0045803
0.046806
0.0352087
0.0504229
0.0487812
0.039632
0.0259846
0.015215
0.0148349
0.0175699
0.020655
0.0218472
0.0202721
0.017233
0.013662
0.0108181
0.00971358
0.00953024
0.00767966
0.00213098
-0.009266
-0.0255125
-0.0430173
-0.0578671
-0.0650625
-0.0634672
-0.0531977
-0.0379533
-0.021495
-0.00607608
0.00809136
0.0193105
0.0248149
0.0283803
0.0323128
0.0368007
0.0420307
0.0476972
0.0539255
0.0605871
0.0675033
0.0745432
0.081418
0.0879928
0.093915
0.0990215
0.103082
0.105971
0.107633
0.108092
0.107431
0.10578
0.103378
0.10037
0.0969352
0.0932887
0.0895677
0.085808
0.0823057
0.0788549
0.0757603
0.0732343
0.0713118
0.0685419
0.0642337
0.0571159
0.0473622
0.0362961
0.0250473
0.0165837
0.0108371
0.01105
0.014557
0.0201226
0.0264571
0.0315019
0.0344494
0.0345725
0.032345
0.028177
0.0222406
0.0169414
0.0144357
0.0182256
0.0283889
0.0407651
0.0496923
0.0466688
0.0332642
0.00868853
-0.0151351
-0.0264331
-0.0192021
-0.0305052
-0.0536857
-0.0800433
-0.106948
-0.13243
-0.15633
-0.176232
-0.187203
-0.188772
-0.182057
-0.167158
-0.146621
-0.124499
-0.104656
-0.0899782
-0.0813447
-0.0799566
-0.0832991
-0.0899775
-0.0952967
-0.0975921
-0.0942011
-0.0829602
-0.0660178
-0.0506366
-0.0370119
-0.0187708
0.0063093
0.0217371
-0.00223959
0.0287462
0.0441328
0.0442532
0.0382357
0.0271442
0.0188617
0.0173331
0.0185103
0.0202811
0.0202152
0.0183498
0.0154661
0.0125129
0.0104849
0.00969545
0.00787719
0.00276165
-0.00669669
-0.0212783
-0.0371997
-0.0509985
-0.0579852
-0.0568177
-0.0475601
-0.0334624
-0.018154
-0.00380735
0.00940794
0.0199965
0.0250971
0.0283966
0.032052
0.0362068
0.0410804
0.0463716
0.0521801
0.0584005
0.0648713
0.0714736
0.0779298
0.0841179
0.0897087
0.0945447
0.098413
0.10119
0.102825
0.103335
0.102791
0.101324
0.0991461
0.0963909
0.0932375
0.0898823
0.0864443
0.0829723
0.0797317
0.0765223
0.0736673
0.0713404
0.0696045
0.0671364
0.0632286
0.0566882
0.0477633
0.0373829
0.0270225
0.0189491
0.0136567
0.0142558
0.0172254
0.0226541
0.0282242
0.0321175
0.0341093
0.0330952
0.0306113
0.0263543
0.0217055
0.0189677
0.0203702
0.0277787
0.0373873
0.0438765
0.0428803
0.0300825
0.0135136
-0.00681304
-0.0107966
-0.00730837
0.00627466
-0.000463792
-0.0125933
-0.0224745
-0.0297988
-0.037928
-0.0454095
-0.0472765
-0.0417434
-0.0347683
-0.0287974
-0.0275106
-0.0318827
-0.0419834
-0.0582574
-0.0815412
-0.113228
-0.151539
-0.192461
-0.227374
-0.248129
-0.250834
-0.233502
-0.201041
-0.158693
-0.119112
-0.0910372
-0.0817856
-0.0217943
-0.0490469
-0.0429507
-0.0106343
0.0201819
0.0348403
0.0390586
0.0344184
0.0261782
0.0203263
0.018425
0.018912
0.0194059
0.0186466
0.0164853
0.0139523
0.0114634
0.00998423
0.00828219
0.00361143
-0.00457189
-0.0175285
-0.0320624
-0.0448067
-0.0515212
-0.0506765
-0.0423298
-0.0292845
-0.0150502
-0.00168496
0.0106347
0.0206212
0.0253521
0.0284056
0.0318097
0.0356593
0.0401998
0.0451437
0.0505647
0.056375
0.0624288
0.0686206
0.0746849
0.0805101
0.0857898
0.0903697
0.0940553
0.0967256
0.0983328
0.0988864
0.0984501
0.0971529
0.0951812
0.0926606
0.0897701
0.0866851
0.0835104
0.0803072
0.0773106
0.0743315
0.0717033
0.0695574
0.0679851
0.0657832
0.0622337
0.0562283
0.0480596
0.0383249
0.0288056
0.0210138
0.0163079
0.0169511
0.0194861
0.0247199
0.0293846
0.0324445
0.0332722
0.0316731
0.0292954
0.0253574
0.0224013
0.0222738
0.0266589
0.0341923
0.0394309
0.0389253
0.0297171
0.0147273
0.000982389
-0.00691198
-0.00136309
0.00469081
0.0102342
-0.00200773
-0.00831857
-0.00712125
-0.00429932
0.000806516
0.0107098
0.0230645
0.0320249
0.0346382
0.0319338
0.0232629
0.00853707
-0.0111798
-0.0384901
-0.0667261
-0.110593
-0.162043
-0.217733
-0.26576
-0.297119
-0.305796
-0.291763
-0.257254
-0.20923
-0.166946
-0.134686
-0.107411
-0.0776975
-0.0717245
-0.0530551
-0.036743
-0.0116083
0.0136119
0.0283877
0.0330555
0.0300008
0.0244931
0.0201745
0.0187282
0.0185151
0.0184178
0.0167468
0.0148326
0.0125265
0.0103792
0.00867336
0.00445785
-0.00285026
-0.0142052
-0.0274975
-0.0392295
-0.0456238
-0.0450151
-0.0374824
-0.0254045
-0.0121688
0.000295772
0.0117791
0.0211908
0.0255774
0.0284047
0.0315827
0.0351555
0.0393861
0.044008
0.049072
0.0545034
0.0601687
0.0659761
0.0716736
0.0771578
0.0821452
0.0864824
0.0899931
0.0925603
0.0941377
0.0947275
0.0943894
0.0932477
0.0914664
0.0891645
0.0865192
0.0836846
0.0807559
0.0778048
0.0750361
0.0722759
0.0698594
0.0678745
0.066444
0.0644863
0.0612564
0.0557449
0.0482541
0.0391488
0.0303688
0.022851
0.0187459
0.0191616
0.0214623
0.0262571
0.0300365
0.032479
0.0321321
0.0306586
0.028321
0.0250878
0.0240158
0.0259772
0.0311575
0.0358231
0.0355108
0.0293188
0.0168619
0.00559047
-9.81179e-05
0.00470261
0.0097548
0.00681764
0.0043669
-0.00761824
-0.0122729
-0.0105278
-0.00987318
-0.00475928
0.00697433
0.0201761
0.028735
0.0318498
0.0276201
0.019849
0.00661832
-0.00652628
-0.0211895
-0.0355264
-0.0516399
-0.0711341
-0.0944042
-0.118616
-0.139441
-0.152045
-0.155078
-0.145084
-0.125614
-0.104206
-0.0871864
-0.0725306
-0.0561584
-0.052692
-0.0381034
-0.0397613
-0.0314237
-0.0105473
0.0100819
0.0235133
0.0277545
0.0262511
0.022149
0.0195629
0.0181344
0.0179463
0.0168746
0.0150945
0.0133772
0.0109223
0.00897745
0.00526189
-0.00134256
-0.0112853
-0.0234284
-0.0342019
-0.040251
-0.039807
-0.032993
-0.0218086
-0.0094959
0.00213892
0.0128465
0.0217113
0.0257722
0.0283946
0.0313698
0.0346934
0.0386375
0.0429612
0.0476962
0.0527786
0.0580838
0.0635322
0.0688864
0.0740493
0.0787611
0.0828679
0.0862108
0.0886773
0.0902219
0.0908412
0.0905928
0.0895935
0.0879882
0.0858903
0.0834737
0.0808715
0.0781731
0.0754586
0.0729027
0.0703495
0.0681285
0.0662855
0.0649767
0.0632476
0.0603002
0.0552442
0.0483596
0.039868
0.0317079
0.0245147
0.0208982
0.0209922
0.0231785
0.0273076
0.030376
0.0320894
0.0310328
0.0301608
0.027521
0.0254021
0.0260051
0.0287744
0.032598
0.0330635
0.0282603
0.0194682
0.00959271
0.00610857
0.00903723
0.0118453
0.0111851
0.00212665
-0.00361289
-0.0092751
-0.0149085
-0.0178214
-0.0239158
-0.0283485
-0.0256292
-0.0168189
-0.00665922
-0.000431135
-0.000430238
-0.00453139
-0.0113974
-0.0192111
-0.0263477
-0.0310453
-0.0346542
-0.0347325
-0.0335814
-0.0318873
-0.0312796
-0.0329247
-0.0356803
-0.0391509
-0.0392452
-0.0372869
-0.0352797
-0.0359947
-0.0329179
-0.0255518
-0.0264861
-0.0301121
-0.0327764
-0.025711
-0.00945365
0.00899292
0.0193093
0.0236157
0.0225181
0.0203871
0.0183966
0.0173171
0.0168616
0.0151005
0.0137668
0.0115193
0.00927633
0.00594641
5.5344e-06
-0.00901928
-0.019835
-0.0296712
-0.0353553
-0.0350271
-0.028839
-0.0184816
-0.00701862
0.0038474
0.0138362
0.0221752
0.0259421
0.0283781
0.0311689
0.0342698
0.0379505
0.0419984
0.0464296
0.0511896
0.0561616
0.061275
0.0663085
0.0711679
0.0756197
0.0795086
0.0826913
0.0850603
0.0865703
0.0872143
0.0870492
0.0861807
0.0847386
0.0828313
0.0806275
0.0782405
0.075758
0.0732647
0.0709063
0.068548
0.0665061
0.0647895
0.0635844
0.0620669
0.0593662
0.054734
0.0483872
0.0404865
0.032846
0.026016
0.0227405
0.0225285
0.0245896
0.0280563
0.0304996
0.0313201
0.0303477
0.0297222
0.0268223
0.0263017
0.0275951
0.029748
0.0310054
0.027412
0.0210687
0.0136199
0.009719
0.0106589
0.0113449
0.0101938
0.0021527
-0.0126944
-0.0331993
-0.0292512
-0.0422151
-0.0531226
-0.0744377
-0.0960269
-0.112829
-0.11171
-0.0943592
-0.0757455
-0.0619418
-0.0552621
-0.0524726
-0.05426
-0.0573242
-0.0605081
-0.0632191
-0.0643665
-0.0636228
-0.061111
-0.0573255
-0.055012
-0.0527325
-0.0524104
-0.0513461
-0.0468175
-0.0405995
-0.0344828
-0.0319996
-0.0253537
-0.0327417
-0.0292879
-0.0280238
-0.0274846
-0.0217028
-0.0065595
0.00740367
0.0167385
0.0199751
0.0198973
0.0186469
0.0167506
0.016526
0.0151104
0.0137843
0.0119536
0.00960949
0.00651884
0.00121105
-0.00679592
-0.0166426
-0.0255916
-0.0308972
-0.0306496
-0.0250003
-0.0154085
-0.00472569
0.00542568
0.014748
0.0225793
0.0260888
0.0283549
0.0309781
0.0338799
0.0373189
0.0411112
0.0452608
0.0497217
0.0543844
0.0591851
0.0639195
0.0684928
0.0726996
0.0763842
0.0794167
0.0816936
0.0831695
0.0838365
0.0837506
0.0830033
0.0817131
0.0799836
0.0779771
0.0757889
0.0735078
0.0712193
0.0690431
0.0668666
0.0649885
0.0633863
0.0622708
0.0609417
0.0584587
0.0542189
0.0483443
0.0410082
0.0338087
0.0273549
0.0242911
0.0238113
0.0256929
0.028587
0.0304028
0.0305843
0.030107
0.0289274
0.0264678
0.0270515
0.0278096
0.028933
0.0269393
0.0216298
0.016353
0.0116907
0.0105253
0.0104056
0.00679966
-0.00063585
-0.0169115
-0.0340004
-0.0533293
-0.0540221
-0.0681548
-0.0842537
-0.11095
-0.143018
-0.174783
-0.177442
-0.139723
-0.116762
-0.0970321
-0.0840566
-0.0764497
-0.0740729
-0.0741761
-0.0763591
-0.0798448
-0.0824883
-0.0833443
-0.0815507
-0.0793018
-0.0744214
-0.0712427
-0.0673734
-0.0643262
-0.0603067
-0.054122
-0.0465095
-0.0422929
-0.041201
-0.0381155
-0.0346557
-0.0308476
-0.0267493
-0.0243336
-0.0172028
-0.00448276
0.00700582
0.0145954
0.0172
0.0179009
0.0163415
0.0158904
0.0149685
0.0137434
0.012145
0.0099072
0.00700581
0.00224407
-0.00485862
-0.0137767
-0.0219229
-0.02684
-0.0266491
-0.0214582
-0.0125736
-0.00260711
0.00687958
0.0155856
0.0229368
0.0262152
0.0283266
0.0307963
0.0335189
0.0367357
0.0402911
0.0441793
0.0483612
0.0527358
0.0572444
0.0617007
0.0660056
0.0699819
0.0734765
0.0763698
0.0785613
0.0800054
0.0806956
0.0806856
0.0800507
0.0789025
0.0773389
0.0755151
0.0735103
0.0714165
0.0693159
0.0673068
0.065299
0.0635705
0.062073
0.061038
0.0598695
0.0575834
0.0536985
0.0482431
0.0414364
0.0346142
0.0285391
0.0255779
0.0248698
0.0265308
0.0288165
0.0301287
0.0300478
0.029889
0.0279748
0.0264656
0.0271005
0.0268823
0.0264838
0.0218871
0.0177147
0.0135006
0.010094
0.00893095
0.00470394
-0.0042541
-0.0173331
-0.0325157
-0.0438863
-0.0493598
-0.0508153
-0.059401
-0.067289
-0.0794229
-0.0962798
-0.107674
-0.103856
-0.0855373
-0.0681064
-0.0572773
-0.0522631
-0.0509596
-0.0507315
-0.0508172
-0.0508835
-0.0507669
-0.0489803
-0.0462325
-0.0417276
-0.0388913
-0.0356244
-0.0342768
-0.0363586
-0.0399136
-0.0447955
-0.0455789
-0.043577
-0.0403483
-0.0409641
-0.0343709
-0.0367157
-0.0360139
-0.0315364
-0.0267363
-0.0222852
-0.0137084
-0.00317497
0.00731683
0.0125003
0.015506
0.0155094
0.015057
0.0145279
0.0135057
0.0121379
0.0100936
0.00739537
0.00311909
-0.00318593
-0.0112234
-0.0186309
-0.0231497
-0.0229979
-0.0181972
-0.00996098
-0.000653427
0.00821573
0.0163535
0.0232562
0.0263269
0.0282972
0.0306243
0.0331848
0.0361976
0.0395338
0.0431799
0.0471025
0.0512087
0.0554442
0.0596425
0.0636966
0.067456
0.0707731
0.0735361
0.0756474
0.077061
0.0777732
0.0778339
0.0773026
0.0762873
0.0748787
0.0732244
0.0713897
0.0694702
0.0675423
0.0656871
0.0638365
0.0622448
0.0608445
0.0598849
0.05885
0.0567437
0.0531722
0.0480978
0.0417744
0.0352833
0.0295687
0.0266315
0.0257382
0.0271408
0.028911
0.0297756
0.0296531
0.0293854
0.0270772
0.0262743
0.0262478
0.025062
0.0227974
0.0175498
0.0147952
0.0104198
0.00787709
0.00379747
-0.00561015
-0.0170732
-0.0299433
-0.0378885
-0.0400953
-0.0358618
-0.0371863
-0.0397593
-0.0390665
-0.0389301
-0.0384459
-0.0337418
-0.0254748
-0.0188159
-0.0171928
-0.0216242
-0.0268026
-0.0318696
-0.034677
-0.0347712
-0.0321961
-0.0269261
-0.0190628
-0.00927109
-0.0022949
0.00528862
0.00409438
0.00521283
-0.00199534
-0.0111617
-0.0218615
-0.0310147
-0.0348928
-0.0351934
-0.0311553
-0.0322971
-0.0259866
-0.0289462
-0.0321787
-0.0299648
-0.0259601
-0.0198126
-0.0115237
-0.000737641
0.00653744
0.011613
0.0136018
0.0139062
0.0137919
0.0130685
0.0119558
0.0101466
0.00767224
0.00383854
-0.00175985
-0.00896109
-0.0156819
-0.0198016
-0.0196679
-0.0152026
-0.00755611
0.00114438
0.00944132
0.0170565
0.0235437
0.0264295
0.0282712
0.0304654
0.032879
0.0357052
0.0388396
0.0422631
0.0459463
0.0498041
0.0537846
0.0577432
0.0615637
0.0651183
0.0682672
0.0709049
0.0729374
0.0743185
0.0750481
0.0751707
0.0747331
0.0738418
0.0725782
0.0710821
0.0694063
0.0676506
0.0658833
0.0641723
0.0624698
0.0610043
0.0596968
0.0588087
0.0578838
0.0559405
0.0526432
0.0479185
0.0420251
0.0358361
0.0304435
0.027483
0.0264416
0.0275376
0.0288733
0.0294003
0.0292615
0.0285324
0.0262258
0.0256551
0.0246335
0.0225635
0.0189272
0.014826
0.0114651
0.00662066
0.00363598
-0.00554633
-0.0158544
-0.0270901
-0.0344521
-0.0363478
-0.0350886
-0.0337728
-0.0366144
-0.0355032
-0.0341988
-0.034286
-0.0331474
-0.0309696
-0.0291161
-0.0316146
-0.0359581
-0.0421634
-0.0476893
-0.0502701
-0.0500934
-0.0467725
-0.0419004
-0.0341296
-0.0259357
-0.0151992
-0.0149169
-0.00342279
-0.00936376
-0.0103464
-0.018108
-0.0307867
-0.0384057
-0.0461726
-0.0449518
-0.0413288
-0.0355966
-0.04155
-0.0286361
-0.0238571
-0.0271313
-0.0291178
-0.0280908
-0.0238086
-0.0173215
-0.00823114
0.000147874
0.00666454
0.0105211
0.0121354
0.0127187
0.012402
0.0115904
0.0100541
0.00783109
0.00440762
-0.0005608
-0.00697084
-0.0130462
-0.0167714
-0.016635
-0.0124591
-0.00534572
0.00279521
0.010564
0.0176998
0.0238046
0.0265254
0.0282513
0.0303219
0.032602
0.0352583
0.0382075
0.0414268
0.0448902
0.0485195
0.052262
0.0559974
0.0596013
0.062963
0.0659517
0.0684668
0.0704197
0.0717653
0.0725055
0.0726789
0.0723249
0.0715485
0.0704199
0.0690715
0.0675452
0.0659441
0.064328
0.0627542
0.061193
0.059845
0.0586276
0.0578062
0.0569716
0.0551732
0.0521164
0.0477108
0.0421925
0.0362899
0.0311707
0.0281602
0.0270032
0.0277847
0.0287276
0.0290055
0.0287165
0.0274439
0.0252889
0.0244391
0.0224103
0.0196066
0.015543
0.0121723
0.00747416
0.00189758
-0.00390415
-0.0151654
-0.0237143
-0.0317136
-0.0344003
-0.0359119
-0.0383381
-0.0487826
-0.0509403
-0.0512385
-0.0552575
-0.0637404
-0.0779525
-0.100146
-0.121625
-0.141015
-0.152763
-0.15556
-0.151411
-0.139035
-0.124151
-0.110542
-0.0997679
-0.0909984
-0.0864753
-0.0841735
-0.0857872
-0.0884187
-0.0949529
-0.100625
-0.104342
-0.10518
-0.0997133
-0.0897644
-0.0777123
-0.0625408
-0.0633236
-0.0655253
-0.0463551
-0.0278539
-0.0278479
-0.0253968
-0.026852
-0.0254148
-0.0211434
-0.0141541
-0.00597237
0.00123973
0.00658627
0.00959183
0.0111513
0.0114594
0.0110277
0.00979927
0.00786507
0.00483424
0.000429813
-0.00524024
-0.0106975
-0.0140369
-0.0138757
-0.00995246
-0.00331761
0.00430793
0.0115917
0.0182888
0.0240422
0.0266133
0.0282357
0.0301916
0.0323493
0.0348497
0.0376276
0.0406579
0.0439184
0.0473378
0.0508591
0.054386
0.0577909
0.0609741
0.0638131
0.066211
0.0680871
0.0693975
0.0701439
0.070359
0.0700804
0.0694097
0.0684055
0.0671935
0.0658065
0.0643505
0.0628761
0.061433
0.0600055
0.0587676
0.0576375
0.0568751
0.0561123
0.0544426
0.0515963
0.0474771
0.042288
0.0366571
0.0317533
0.0286899
0.0274351
0.0278973
0.0284973
0.0285384
0.027931
0.0262202
0.0241329
0.022667
0.0198242
0.0165409
0.0123997
0.00850044
0.00264687
-0.0037624
-0.0121956
-0.0217858
-0.0287867
-0.0341809
-0.0362414
-0.0419334
-0.0527131
-0.0712812
-0.0719623
-0.0780181
-0.0907357
-0.106671
-0.132085
-0.169553
-0.211049
-0.248292
-0.276396
-0.281455
-0.270694
-0.245318
-0.213582
-0.186978
-0.166739
-0.152019
-0.14585
-0.145662
-0.150411
-0.158161
-0.166252
-0.173038
-0.172967
-0.166373
-0.152571
-0.132241
-0.11398
-0.0925664
-0.0953623
-0.08311
-0.0674629
-0.0443072
-0.0338655
-0.0265373
-0.0259514
-0.0252608
-0.0230787
-0.018283
-0.0112452
-0.00408155
0.0021884
0.00640151
0.00902706
0.0101521
0.0102372
0.00937929
0.00776288
0.0051222
0.00123147
-0.00375369
-0.0086163
-0.0115766
-0.0113702
-0.00766787
-0.00146034
0.00569118
0.0125325
0.0188283
0.0242564
0.02669
0.0282195
0.0300681
0.0321115
0.0344665
0.0370838
0.039937
0.0430079
0.0462337
0.0495504
0.0528833
0.0561073
0.0591293
0.0618336
0.0641257
0.0659339
0.0672155
0.0679689
0.0682213
0.0680134
0.0674396
0.066549
0.065461
0.0642022
0.0628798
0.0615359
0.0602137
0.0589099
0.0577741
0.0567267
0.0560139
0.0553055
0.0537495
0.0510865
0.0472216
0.0423228
0.036943
0.0322346
0.0290951
0.0277371
0.0278969
0.0281832
0.0279378
0.0269088
0.024866
0.0226766
0.0204969
0.0170832
0.0133912
0.00890294
0.00393864
-0.00276854
-0.00992687
-0.0193822
-0.0265257
-0.0325324
-0.0372385
-0.0428823
-0.0531341
-0.0649747
-0.0762662
-0.08166
-0.0952238
-0.111556
-0.128521
-0.152505
-0.184928
-0.222895
-0.260193
-0.288097
-0.297512
-0.286614
-0.258275
-0.222319
-0.192368
-0.168681
-0.152057
-0.143705
-0.144003
-0.147979
-0.1556
-0.162897
-0.167336
-0.165228
-0.156981
-0.143575
-0.127851
-0.112147
-0.0958926
-0.0913949
-0.0739549
-0.0717751
-0.0606793
-0.0448648
-0.0332543
-0.0279277
-0.0258803
-0.0241232
-0.0209446
-0.0153676
-0.00882629
-0.00227961
0.00281108
0.00641619
0.00844085
0.00917139
0.00877689
0.00749034
0.00526978
0.0018592
-0.00249568
-0.00678412
-0.00937074
-0.00910115
-0.00559068
0.000236517
0.0069538
0.0133938
0.019323
0.0244462
0.0267544
0.0281999
0.0299475
0.0318832
0.0341018
0.0365686
0.039256
0.0421493
0.0451961
0.0483256
0.0514786
0.0545387
0.0574161
0.0600012
0.0622009
0.0639516
0.0652122
0.0659756
0.0662648
0.0661252
0.0656402
0.0648532
0.0638775
0.0627364
0.0615361
0.06031
0.0590973
0.0579063
0.0568623
0.0558906
0.0552208
0.0545507
0.053094
0.0505901
0.0469495
0.0423043
0.0371492
0.0325788
0.0293934
0.0279224
0.027789
0.0277633
0.0271583
0.0256857
0.0233758
0.0209214
0.0180529
0.0141963
0.00997067
0.00484764
-0.00110377
-0.00843596
-0.0160644
-0.0247727
-0.0306475
-0.0362181
-0.0418457
-0.0505703
-0.0588826
-0.0636885
-0.0611513
-0.0705689
-0.0839574
-0.0952032
-0.105483
-0.115513
-0.1265
-0.141059
-0.158809
-0.175142
-0.181475
-0.174973
-0.156717
-0.133988
-0.114081
-0.0984331
-0.0883904
-0.0847673
-0.0866882
-0.0918942
-0.0990522
-0.105533
-0.109466
-0.109093
-0.104568
-0.0972887
-0.0896077
-0.0816439
-0.0707826
-0.0631832
-0.0517517
-0.0599422
-0.0641893
-0.053979
-0.0427454
-0.0333561
-0.0283391
-0.0255281
-0.0229312
-0.0185337
-0.0128104
-0.00649482
-0.000909906
0.0034568
0.00635332
0.00781083
0.00797016
0.0070798
0.00528343
0.00232625
-0.001449
-0.00518585
-0.00740258
-0.00705107
-0.00370735
0.00178321
0.00810496
0.0141825
0.0197765
0.0246121
0.0268091
0.0281796
0.0298336
0.0316698
0.0337637
0.0360933
0.0386293
0.0413593
0.044241
0.0472011
0.0501874
0.0530959
0.0558387
0.0583138
0.0604285
0.062126
0.0633673
0.0641403
0.0644647
0.06439
0.0639859
0.0632952
0.0624226
0.0613923
0.060305
0.0591863
0.058074
0.0569861
0.0560248
0.0551224
0.0544923
0.0538471
0.0524766
0.0501101
0.0466654
0.0422394
0.0372823
0.0328268
0.0296088
0.027998
0.0275753
0.0272087
0.0261909
0.0243116
0.0217343
0.0188805
0.0153974
0.0110963
0.006216
0.000371628
-0.00630496
-0.0138639
-0.021536
-0.0289943
-0.034616
-0.0407713
-0.0472694
-0.0531562
-0.0542863
-0.0485657
-0.0356609
-0.0472128
-0.0533451
-0.0573451
-0.0593104
-0.0574569
-0.0529908
-0.0506351
-0.0519078
-0.0557834
-0.0576641
-0.0558444
-0.0493709
-0.0416238
-0.0348536
-0.0294843
-0.0269497
-0.0277704
-0.0316565
-0.0372412
-0.0435468
-0.0492245
-0.0533548
-0.0553579
-0.0550575
-0.0532344
-0.0513374
-0.0493506
-0.0439175
-0.0351527
-0.0323241
-0.043135
-0.0535176
-0.0550634
-0.049273
-0.0400154
-0.0327773
-0.0280226
-0.0248789
-0.0211459
-0.0161682
-0.0102873
-0.00454289
0.000331396
0.0039629
0.00616239
0.00694684
0.00650884
0.00504482
0.00262937
-0.000594615
-0.00380577
-0.00565773
-0.00520488
-0.0020039
0.00318946
0.00915345
0.0149051
0.0201925
0.0247569
0.0268561
0.0281622
0.0297329
0.0314812
0.0334659
0.0356747
0.0380766
0.0406601
0.04339
0.0461969
0.0490277
0.0517923
0.0544039
0.0567696
0.0587999
0.0604412
0.0616574
0.0624343
0.06279
0.0627744
0.0624433
0.0618437
0.0610681
0.0601446
0.0591638
0.058146
0.0571303
0.0561394
0.0552542
0.0544175
0.0538248
0.0531947
0.0518971
0.0496487
0.046374
0.0421343
0.0373509
0.032987
0.0297258
0.0279684
0.027247
0.0265032
0.0250629
0.0228066
0.0199123
0.0165981
0.0125586
0.00772428
0.00214226
-0.00427956
-0.0113171
-0.018778
-0.026163
-0.0327763
-0.0385721
-0.0440477
-0.0478277
-0.0475717
-0.0411712
-0.0303057
-0.0177282
-0.0243852
-0.0249465
-0.0237962
-0.0206787
-0.0146091
-0.00630584
0.00160859
0.00712845
0.0103011
0.0115852
0.0117237
0.0120653
0.0107188
0.0103272
0.00925422
0.00687409
0.00352889
-0.00117181
-0.00657218
-0.0120476
-0.0170368
-0.021056
-0.0240885
-0.0259901
-0.0268187
-0.0273041
-0.0275102
-0.0256528
-0.0207669
-0.0196428
-0.0287068
-0.039676
-0.0467833
-0.0491825
-0.0444336
-0.0375427
-0.0314996
-0.0272609
-0.0235108
-0.019078
-0.0136751
-0.00797318
-0.0027991
0.00138997
0.00426318
0.0057041
0.00578859
0.00476754
0.00278579
8.34698e-05
-0.00262848
-0.00412104
-0.00354915
-0.000467473
0.00446495
0.0101086
0.0155671
0.0205745
0.0248833
0.0268913
0.0281433
0.029642
0.0313139
0.0332038
0.0353066
0.0375891
0.0400416
0.0426313
0.0452979
0.0479842
0.0506123
0.0530959
0.0553531
0.0573007
0.0588844
0.0600719
0.0608494
0.0612337
0.0612716
0.0610073
0.0604946
0.0598105
0.0589894
0.0581077
0.0571857
0.0562641
0.0553653
0.0545521
0.0537793
0.0532165
0.0525932
0.0513554
0.0492093
0.0460789
0.0419949
0.0373626
0.033068
0.0297529
0.0278349
0.0267967
0.0256508
0.0237929
0.0211664
0.017914
0.0141154
0.00950217
0.00406921
-0.00206654
-0.00879089
-0.0159098
-0.0231784
-0.0301385
-0.0361275
-0.0407627
-0.0434363
-0.0424021
-0.0364758
-0.0271021
-0.0170741
-0.0098622
-0.0115064
-0.0100712
-0.00727834
-0.00322803
0.00231481
0.00914866
0.0160857
0.0219801
0.0264272
0.0285078
0.0295357
0.0281764
0.0239188
0.0220388
0.0195339
0.0157137
0.0121392
0.00819292
0.00404761
-2.59197e-05
-0.00379092
-0.00699619
-0.00963
-0.0118719
-0.0134608
-0.0146008
-0.015411
-0.0151943
-0.013657
-0.012644
-0.0185212
-0.0274109
-0.0360665
-0.0418986
-0.0439965
-0.0403332
-0.0349106
-0.0299917
-0.0258647
-0.021659
-0.0167057
-0.0111764
-0.00584312
-0.00125102
0.00218627
0.00425428
0.00489951
0.00434469
0.00279617
0.000597515
-0.0016365
-0.00277995
-0.00207127
0.000914507
0.00561891
0.0109784
0.0161744
0.0209256
0.0249909
0.0269069
0.028111
0.0295446
0.0311457
0.0329484
0.0349535
0.0371251
0.0394583
0.0419171
0.0444545
0.047008
0.0495115
0.0518784
0.0540367
0.0559128
0.0574474
0.0586137
0.059398
0.059815
0.059905
0.0597049
0.0592756
0.0586767
0.0579503
0.0571574
0.0563239
0.05549
0.0546741
0.053928
0.0532159
0.0526704
0.0520436
0.050853
0.0487935
0.0457828
0.0418281
0.0373242
0.0330743
0.0296958
0.027599
0.0262198
0.0246591
0.0223942
0.019398
0.0157501
0.0114227
0.00621993
0.000284287
-0.00617404
-0.0130063
-0.020118
-0.0271028
-0.0332646
-0.0377009
-0.0397803
-0.038463
-0.0332798
-0.0252339
-0.0166469
-0.00988904
-0.00619489
-0.00583748
-0.00407134
-0.00141294
0.00186226
0.00578571
0.0103529
0.0150226
0.0193884
0.0228228
0.025044
0.0269107
0.0251398
0.0207088
0.0188681
0.017092
0.0144391
0.0116984
0.00888732
0.00612767
0.00340574
0.000847704
-0.00148611
-0.00344319
-0.00529345
-0.00691539
-0.00816109
-0.00907185
-0.00954128
-0.00971011
-0.00880651
-0.0121859
-0.0183821
-0.0262341
-0.0335189
-0.037997
-0.0392934
-0.0366623
-0.0324066
-0.0281751
-0.0240039
-0.0194043
-0.0141439
-0.00876521
-0.00388297
1.25533e-05
0.00263764
0.00384561
0.00378651
0.00268471
0.000959422
-0.000812766
-0.00162024
-0.000761111
0.00215359
0.00666101
0.0117712
0.0167315
0.0212478
0.0250783
0.0269023
0.0280582
0.0294284
0.0309589
0.0326767
0.0345883
0.0366549
0.0388782
0.0412161
0.0436347
0.0460684
0.0484609
0.0507274
0.0528022
0.0546222
0.056121
0.0572801
0.0580824
0.0585394
0.0586834
0.058549
0.0582003
0.0576806
0.0570409
0.0563271
0.0555743
0.0548172
0.0540725
0.0533865
0.0527288
0.0521915
0.0515479
0.0503908
0.0484037
0.0454896
0.0416403
0.0372408
0.0330119
0.0295605
0.0272585
0.0255174
0.0235433
0.0208797
0.0175029
0.0134104
0.00852778
0.0028169
-0.00344975
-0.0100758
-0.0169701
-0.0239278
-0.0301585
-0.0347004
-0.0366645
-0.0354417
-0.0308859
-0.0240315
-0.0164733
-0.0102353
-0.00623213
-0.00418826
-0.00336922
-0.00184169
0.000204627
0.00246945
0.00499888
0.00779224
0.0106422
0.0133795
0.0156158
0.017389
0.018845
0.0177068
0.014854
0.0137869
0.0126299
0.0110382
0.00942138
0.00763678
0.00587567
0.00410581
0.00237357
0.000693551
-0.000792274
-0.00218256
-0.0035762
-0.00476533
-0.00562178
-0.00622658
-0.00702345
-0.0064623
-0.00849206
-0.0123714
-0.0183905
-0.025564
-0.031843
-0.0357167
-0.0360754
-0.0337187
-0.0301159
-0.0261167
-0.0217868
-0.0168458
-0.0115438
-0.00646924
-0.00219919
0.000911603
0.00264594
0.00309408
0.00245138
0.00118222
-0.000145233
-0.000628496
0.000391266
0.00326097
0.00759997
0.0124939
0.0172434
0.021543
0.0251472
0.0268876
0.0279942
0.0293029
0.0307658
0.0324039
0.0342293
0.0362
0.0383242
0.0405528
0.0428628
0.0451875
0.0474777
0.0496546
0.0516542
0.0534222
0.054894
0.0560497
0.0568727
0.0573706
0.0575686
0.0575014
0.0572305
0.0567871
0.0562298
0.0555915
0.0549164
0.0542283
0.0535473
0.0529159
0.0523076
0.0517807
0.0511088
0.0499707
0.0480414
0.0452029
0.0414377
0.0371168
0.0328869
0.0293495
0.0268133
0.0247
0.0223156
0.0192541
0.0154752
0.0109008
0.00550631
-0.000577026
-0.0070548
-0.0137949
-0.0206148
-0.0269147
-0.0316743
-0.0339117
-0.0330266
-0.0291579
-0.0231792
-0.0165115
-0.0106667
-0.0067289
-0.00443891
-0.0032204
-0.00242232
-0.00123243
0.000231213
0.00172505
0.0033219
0.00500463
0.00669253
0.00828917
0.00965241
0.0107726
0.0116295
0.0115165
0.0105911
0.00999012
0.00946769
0.00848254
0.00757869
0.00645995
0.00523593
0.00401135
0.00275772
0.00151068
0.000329399
-0.000748196
-0.0018528
-0.00289334
-0.0036753
-0.00419427
-0.00501987
-0.00484104
-0.00625948
-0.00864511
-0.0126801
-0.0185513
-0.0250728
-0.0305283
-0.033514
-0.0334251
-0.0312365
-0.0278461
-0.0238495
-0.019251
-0.0141409
-0.00898279
-0.00441425
-0.000877634
0.00133746
0.00227822
0.00210353
0.0012763
0.000378073
0.000208524
0.00139559
0.00424664
0.00844489
0.0131531
0.0177148
0.0218139
0.0252051
0.0268732
0.0279347
0.0291877
0.0305921
0.0321604
0.0339097
0.0357959
0.037831
0.0399621
0.0421718
0.0443958
0.0465868
0.0486769
0.0506023
0.0523131
0.0537546
0.0549007
0.0557371
0.0562691
0.0565165
0.0565153
0.0563173
0.055949
0.0554727
0.0549109
0.0543134
0.0536934
0.0530765
0.0524998
0.0519407
0.0514324
0.0507278
0.0495953
0.0477092
0.044927
0.0412258
0.0369561
0.0327056
0.0290649
0.0262667
0.0237772
0.020985
0.0175221
0.0133158
0.00826006
0.00245243
-0.00389785
-0.0105251
-0.0172396
-0.0235718
-0.0286049
-0.0313035
-0.0310123
-0.0278219
-0.0226186
-0.0166171
-0.0111782
-0.00721702
-0.00487447
-0.00348162
-0.0026745
-0.00204133
-0.00118198
-0.000199086
0.000753308
0.00174576
0.00274633
0.00371611
0.00460631
0.00535057
0.00591618
0.00627429
0.00646214
0.00658166
0.00659411
0.00688954
0.00652502
0.0059034
0.00515854
0.0042759
0.00337584
0.00245214
0.00151135
0.00059908
-0.000243877
-0.00106946
-0.00188206
-0.00254686
-0.00296614
-0.00359607
-0.00370203
-0.00480888
-0.00640507
-0.00897053
-0.013196
-0.0188589
-0.0247563
-0.0293831
-0.0315855
-0.0311787
-0.0289355
-0.0255368
-0.0213355
-0.0165077
-0.011387
-0.00660752
-0.00270259
-4.76802e-05
0.00135864
0.00164829
0.00125235
0.000766829
0.000904191
0.00226245
0.00511882
0.00920413
0.0137555
0.0181505
0.0220656
0.025264
0.0268569
0.0278777
0.0290787
0.030429
0.0319336
0.033611
0.0354193
0.0373704
0.0394131
0.0415298
0.0436633
0.0457631
0.047774
0.0496332
0.0512911
0.0527024
0.0538392
0.0546865
0.0552486
0.0555426
0.0556039
0.0554721
0.0551767
0.0547767
0.0542889
0.0537642
0.0532109
0.0526576
0.0521368
0.0516291
0.0511378
0.0504046
0.0492676
0.0474103
0.0446656
0.041009
0.0367647
0.0324737
0.0287074
0.0256264
0.0227599
0.0195579
0.015684
0.0110416
0.0055598
-0.000573402
-0.00713689
-0.0137947
-0.0201626
-0.0254874
-0.0287591
-0.0292075
-0.0268055
-0.0223118
-0.0168979
-0.0117795
-0.00786829
-0.00532642
-0.00382493
-0.0028724
-0.00229566
-0.00183715
-0.0012506
-0.000599405
1.57591e-05
0.00063557
0.0012273
0.00179559
0.00229198
0.00266451
0.00294483
0.00299605
0.00304322
0.00313056
0.00320669
0.00399152
0.00436082
0.00395588
0.00352568
0.0029694
0.0023537
0.00172554
0.00105688
0.00039661
-0.000235612
-0.000838211
-0.00142705
-0.00195746
-0.00231479
-0.00275718
-0.00285586
-0.00372709
-0.00492064
-0.00662832
-0.00944136
-0.0138161
-0.0192549
-0.0245546
-0.0283583
-0.0299165
-0.029116
-0.0266827
-0.0230545
-0.0186086
-0.0136469
-0.0087496
-0.00453243
-0.00148002
0.00035498
0.00109622
0.00112176
0.00103184
0.00146941
0.0030013
0.00588624
0.00988599
0.0143067
0.0185564
0.0223033
0.0253234
0.0268271
0.0278037
0.0289482
0.0302378
0.0316761
0.0332786
0.0350111
0.0368801
0.0388435
0.0408769
0.0429349
0.0449623
0.0469123
0.0487258
0.0503505
0.051746
0.0528855
0.0537523
0.0543492
0.0546917
0.0548123
0.0547409
0.0545147
0.0541821
0.0537607
0.0532981
0.052805
0.052307
0.0518366
0.0513765
0.0508939
0.0501386
0.0489899
0.0471476
0.0444249
0.0407925
0.0365463
0.0321972
0.0282807
0.0249002
0.0216552
0.0180394
0.0137556
0.00869076
0.00283684
-0.00355706
-0.0102148
-0.016658
-0.0222866
-0.026152
-0.0274313
-0.0258947
-0.0221337
-0.0172459
-0.0123915
-0.0084784
-0.00580883
-0.00410662
-0.00304526
-0.00233463
-0.00190579
-0.001591
-0.00121445
-0.000792907
-0.000400692
-1.26399e-05
0.000352814
0.000718498
0.00102278
0.00123981
0.00142693
0.0014366
0.00144252
0.00128848
0.0014062
0.00188266
0.00242595
0.00221584
0.00201732
0.00169696
0.00130919
0.000904842
0.000459464
4.61898e-06
-0.000437767
-0.000861582
-0.00125336
-0.00161843
-0.00190571
-0.00221766
-0.00229517
-0.00293656
-0.00387541
-0.00512791
-0.00702956
-0.0101503
-0.014633
-0.0197931
-0.0244455
-0.0274724
-0.0283622
-0.0271801
-0.0243514
-0.0203853
-0.0157031
-0.0108194
-0.00636387
-0.00294151
-0.000709616
0.000460496
0.000895193
0.00118219
0.00191379
0.00362296
0.00655627
0.0104969
0.0148133
0.0189385
0.0225308
0.0253804
0.0267864
0.0277114
0.0287951
0.0300188
0.0313916
0.0329213
0.0345851
0.0363788
0.0382748
0.0402378
0.042234
0.0442075
0.0461119
0.0478929
0.0494972
0.0508856
0.0520321
0.0529197
0.0535505
0.053939
0.0541123
0.054097
0.0539365
0.0536637
0.0533055
0.0528997
0.0524641
0.0520158
0.051591
0.0511713
0.0507006
0.0499296
0.0487661
0.0469253
0.044209
0.0405805
0.0363079
0.0318818
0.0277903
0.0240929
0.0204665
0.0164393
0.0117492
0.00629474
0.000119326
-0.00647608
-0.0130628
-0.0189773
-0.0234575
-0.0256051
-0.0250389
-0.0220963
-0.0177424
-0.0131529
-0.0092295
-0.00640096
-0.00452888
-0.00327364
-0.00246327
-0.00192027
-0.00158555
-0.00136627
-0.00111342
-0.000823223
-0.000561408
-0.000314813
-6.58241e-05
0.000184774
0.000390746
0.000549254
0.000698024
0.000763654
0.00080501
0.000705268
0.000878164
0.000792524
0.0011348
0.00101426
0.000921549
0.000723582
0.000494538
0.000243247
-3.43252e-05
-0.000331846
-0.000631415
-0.000920494
-0.00118456
-0.00142473
-0.00165449
-0.00190641
-0.00185967
-0.00229898
-0.00301898
-0.00399085
-0.00534598
-0.00750581
-0.0109133
-0.015459
-0.020319
-0.0243796
-0.0267138
-0.0268851
-0.0251025
-0.0218222
-0.0175409
-0.0127771
-0.00816784
-0.00440463
-0.00180314
-0.000235427
0.000589116
0.00123434
0.00224949
0.00413557
0.00713468
0.0110428
0.0152811
0.0193024
0.0227542
0.0254412
0.0267521
0.0276259
0.0286551
0.0298208
0.0311399
0.0326076
0.0342165
0.035948
0.0377883
0.0396942
0.041636
0.0435623
0.0454227
0.047167
0.0487444
0.0501144
0.0512531
0.0521456
0.0527938
0.0532128
0.0534251
0.0534585
0.0533558
0.0531385
0.0528454
0.0525006
0.0521299
0.0517386
0.0513658
0.0509902
0.0505514
0.0497773
0.0485977
0.046749
0.0440233
0.0403772
0.036054
0.0315282
0.0272373
0.0232283
0.0192152
0.014774
0.00968884
0.0038513
-0.00257619
-0.00917873
-0.0154265
-0.0205319
-0.0235851
-0.0240433
-0.0219943
-0.0182318
-0.0138877
-0.00994848
-0.00693796
-0.00487146
-0.00349146
-0.00254507
-0.00192526
-0.00149414
-0.00123124
-0.0010936
-0.000943026
-0.000765737
-0.000608355
-0.000453961
-0.000274962
-0.000108408
3.65272e-05
0.000158001
0.000258927
0.000354745
0.000371873
0.000354818
0.000485449
0.000176916
5.99231e-05
0.000114206
0.000113467
1.49477e-05
-9.29337e-05
-0.000238952
-0.000404044
-0.000586062
-0.000781415
-0.000971589
-0.001138
-0.00126588
-0.00140348
-0.00161018
-0.00155801
-0.0018702
-0.00239958
-0.00317486
-0.00422614
-0.00577403
-0.00826238
-0.0119688
-0.0165025
-0.0210072
-0.0244285
-0.026006
-0.0254265
-0.0228904
-0.0190489
-0.0145107
-0.00988289
-0.00587184
-0.00292807
-0.000990796
0.000198879
0.00118368
0.00247154
0.00454238
0.00762758
0.0115324
0.0157184
0.0196578
0.0229825
0.0255172
0.0267243
0.0275483
0.028526
0.0296373
0.0309073
0.0323187
0.0338792
0.0355595
0.0373518
0.0392141
0.041112
0.0430003
0.0448249
0.0465376
0.0480896
0.0494397
0.0505656
0.0514548
0.0521087
0.0525437
0.0527814
0.0528513
0.0527905
0.0526206
0.0523855
0.052098
0.0517927
0.0514642
0.0511509
0.0508289
0.0504342
0.0496799
0.0484865
0.0466225
0.0438769
0.0401905
0.0357897
0.0311315
0.0266091
0.0222728
0.0178909
0.0130639
0.0076055
0.00142301
-0.00521598
-0.0118202
-0.0175522
-0.0213925
-0.0229196
-0.0218842
-0.0188206
-0.0148063
-0.0108731
-0.00769228
-0.00541894
-0.00387162
-0.00277601
-0.00200988
-0.00151473
-0.0011681
-0.000952239
-0.000853789
-0.000757946
-0.000645504
-0.000547975
-0.000451119
-0.000335834
-0.000235335
-0.000146856
-7.01819e-05
-2.22411e-05
5.12024e-05
2.86475e-05
5.33118e-05
6.45845e-05
-0.000251311
-0.000438488
-0.000318152
-0.000304148
-0.000351289
-0.000390876
-0.000470012
-0.000557868
-0.000665241
-0.000784681
-0.000906104
-0.00101934
-0.001096
-0.00118204
-0.00136892
-0.00125239
-0.00148366
-0.00186597
-0.00244403
-0.00326184
-0.00440384
-0.00617379
-0.00900355
-0.0129303
-0.0174083
-0.0214976
-0.0241385
-0.0248708
-0.0234363
-0.0203838
-0.0162327
-0.0116801
-0.0074533
-0.00414806
-0.00181616
-0.000236371
0.00107668
0.00263057
0.00488405
0.00806506
0.0119771
0.0161307
0.0200097
0.0232246
0.0256118
0.0266812
0.0274376
0.0283461
0.029388
0.0305958
0.031946
0.0334534
0.0350907
0.0368435
0.0386796
0.0405568
0.0424322
0.0442516
0.0459644
0.0475205
0.0488791
0.0500158
0.0509191
0.051589
0.0520418
0.0523006
0.0523965
0.0523606
0.0522245
0.0520263
0.0517792
0.0515208
0.0512421
0.0509789
0.0507083
0.0503491
0.0496309
0.0484366
0.0465531
0.0437787
0.0400477
0.0355548
0.0307405
0.0259693
0.0212886
0.0164736
0.0112141
0.00535993
-0.00104758
-0.00765001
-0.0137448
-0.0184508
-0.021269
-0.0214273
-0.0192308
-0.0156361
-0.0117488
-0.00838009
-0.0058703
-0.00411767
-0.00288718
-0.0020269
-0.00146786
-0.00110073
-0.000833504
-0.000671285
-0.000638443
-0.000604407
-0.000539343
-0.000481844
-0.000420402
-0.000339655
-0.000266149
-0.000205764
-0.000144153
-0.000110603
-5.04609e-05
-6.37622e-05
-2.13731e-05
-6.04173e-05
-0.00028885
-0.000414553
-0.00034195
-0.000357751
-0.000408698
-0.000439656
-0.000509405
-0.000573094
-0.000653914
-0.000742726
-0.000828552
-0.000907623
-0.000946103
-0.000963773
-0.00108401
-0.00100998
-0.00119816
-0.00149466
-0.00193305
-0.0025842
-0.003488
-0.00481843
-0.0069599
-0.0102101
-0.0143886
-0.0188242
-0.0224759
-0.0243169
-0.0238647
-0.0213899
-0.0174763
-0.0129651
-0.00859163
-0.00504808
-0.002465
-0.000635325
0.000902497
0.00265726
0.00508006
0.00837498
0.012342
0.0165101
0.0203623
0.0234868
0.0257236
0.0266262
0.027291
0.028111
0.0290759
0.0302126
0.0315069
0.0329646
0.0345703
0.0362992
0.0381259
0.0400048
0.0418902
0.0437284
0.045464
0.0470453
0.0484315
0.0495932
0.0505188
0.0512093
0.0516795
0.0519546
0.0520672
0.0520473
0.0519346
0.0517579
0.0515413
0.0513151
0.0510773
0.0508538
0.0506303
0.050315
0.0496303
0.0484253
0.0465036
0.0436698
0.0398557
0.0352457
0.0302579
0.0252491
0.0202783
0.015164
0.00958964
0.00342658
-0.00331135
-0.0100225
-0.0158865
-0.0198851
-0.0212104
-0.0198923
-0.0167693
-0.0129663
-0.00940955
-0.00660915
-0.00460073
-0.00318886
-0.00219652
-0.00154635
-0.00111103
-0.000819227
-0.000614638
-0.000488278
-0.000464109
-0.000434165
-0.00038945
-0.000360067
-0.000324293
-0.000270905
-0.0002222
-0.000180341
-0.000130716
-9.30256e-05
-3.80753e-05
-2.4975e-05
5.60008e-05
2.6232e-05
-0.000111909
-0.000202419
-0.000214246
-0.000259095
-0.000322706
-0.000363257
-0.000422783
-0.000472464
-0.00053081
-0.00059191
-0.000645322
-0.000697566
-0.000726306
-0.000745038
-0.000854948
-0.0008171
-0.000948595
-0.00114843
-0.00145921
-0.00194322
-0.00261836
-0.00356039
-0.00506286
-0.00752968
-0.0110742
-0.015284
-0.0193448
-0.0222323
-0.0231287
-0.022086
-0.0191049
-0.0149814
-0.0105567
-0.00665349
-0.00361968
-0.00135706
0.000560003
0.00262173
0.00527273
0.00872621
0.0127771
0.0169697
0.0207915
0.0238182
0.025855
0.0265895
0.0271597
0.0278915
0.028792
0.0298674
0.0311213
0.0325443
0.0341307
0.0358523
0.0376801
0.0395708
0.0414725
0.0433303
0.0450847
0.0466841
0.0480849
0.0492572
0.0501879
0.0508815
0.051353
0.05163
0.051746
0.0517353
0.0516373
0.0514788
0.0512934
0.0510984
0.0509086
0.050731
0.0505676
0.0503197
0.0496992
0.0485457
0.0466432
0.0437748
0.0398502
0.0350583
0.0298214
0.0244652
0.0190423
0.0134093
0.00733007
0.000766493
-0.0059532
-0.0121092
-0.016866
-0.0193981
-0.0193728
-0.0171675
-0.0137545
-0.0101585
-0.00710597
-0.00488192
-0.00334106
-0.00225716
-0.00150659
-0.00103156
-0.000743261
-0.000575713
-0.00046266
-0.000385842
-0.000383259
-0.000357087
-0.000310281
-0.000284013
-0.000257252
-0.000210919
-0.000171433
-0.000134099
-8.98842e-05
-4.83776e-05
-9.36642e-08
3.28173e-05
0.000127926
0.000104849
1.24326e-05
-3.71674e-05
-9.93886e-05
-0.000154062
-0.000216487
-0.000265281
-0.000322163
-0.000367126
-0.000417687
-0.000478743
-0.000525947
-0.000575653
-0.000613717
-0.000631337
-0.000700777
-0.000653024
-0.000790135
-0.00095534
-0.00115756
-0.00152818
-0.00210729
-0.00291861
-0.00408679
-0.00600501
-0.00910388
-0.0133306
-0.0179738
-0.0218606
-0.0237312
-0.0227047
-0.0198094
-0.0156518
-0.0111181
-0.00707971
-0.00391855
-0.0015446
0.000456404
0.00258808
0.00531291
0.00884748
0.0129767
0.0172299
0.0210727
0.0240544
0.0260127
0.0265677
0.0270319
0.0276694
0.0285
0.0295155
0.0307262
0.0321207
0.0336912
0.0354139
0.0372545
0.0391703
0.0411054
0.0430003
0.0447929
0.0464276
0.0478569
0.0490507
0.0499941
0.050692
0.0511617
0.0514335
0.0515428
0.0515293
0.0514299
0.0512778
0.0511055
0.0509283
0.0507703
0.0506298
0.0505284
0.0503446
0.0497335
0.0485623
0.0466155
0.0436859
0.0396853
0.0347675
0.0293778
0.0238539
0.0182691
0.0124621
0.0062032
-0.000546714
-0.00752688
-0.0138609
-0.0185142
-0.0203412
-0.0192219
-0.0159979
-0.0120763
-0.0085169
-0.00580779
-0.00396324
-0.00259413
-0.00165932
-0.00108794
-0.000783146
-0.000613904
-0.000484538
-0.000368338
-0.000271603
-0.000245403
-0.000210313
-0.000185379
-0.00019062
-0.000171489
-0.000136365
-0.000110437
-8.53281e-05
-5.85176e-05
-3.0631e-05
-1.37242e-05
1.14664e-05
5.96378e-05
2.86539e-05
-3.09026e-05
-3.93937e-05
-7.07092e-05
-0.000110304
-0.000135383
-0.000166368
-0.000203659
-0.000233775
-0.000262254
-0.000302223
-0.000333935
-0.000348903
-0.000364433
-0.00038295
-0.000480048
-0.00056034
-0.00064519
-0.000757645
-0.000881707
-0.00106789
-0.00139816
-0.00191574
-0.00266994
-0.00385661
-0.00585733
-0.00902933
-0.013237
-0.0178253
-0.0215057
-0.0228758
-0.0215317
-0.0181806
-0.0136961
-0.0091875
-0.00540353
-0.00250296
-0.000130341
0.00227939
0.00527028
0.00909453
0.0134994
0.0179583
0.0218514
0.0247114
0.0263011
0.0265508
0.0268767
0.0274073
0.0281538
0.0291062
0.0302678
0.0316335
0.0331915
0.0349219
0.0367894
0.0387488
0.0407421
0.0427041
0.0445683
0.0462716
0.0477603
0.0490029
0.0499814
0.0506983
0.0511737
0.0514404
0.0515379
0.0515094
0.0513945
0.0512312
0.0510488
0.0508693
0.0507145
0.0505939
0.0505354
0.0504576
0.0499662
0.0489096
0.0470249
0.0440253
0.0398008
0.0345351
0.0286673
0.0226111
0.016426
0.00992927
0.00296088
-0.00431331
-0.0111641
-0.016463
-0.0190052
-0.0185193
-0.0157261
-0.0119614
-0.00838448
-0.00558374
-0.00369657
-0.00233632
-0.00146997
-0.000955277
-0.000682153
-0.000547862
-0.000437294
-0.000358489
-0.000305741
-0.000252922
-0.000192186
-0.000121332
-9.6787e-05
-9.32849e-05
-6.69375e-05
-5.17194e-05
-4.4856e-05
-3.60228e-05
-3.48533e-05
-1.7337e-05
-2.24891e-05
-6.88043e-06
2.82299e-05
8.33962e-06
-2.26316e-05
-1.84469e-05
-3.76099e-05
-5.92474e-05
-5.56886e-05
-7.25735e-05
-7.80759e-05
-9.11573e-05
-0.0001024
-0.000121716
-0.000158132
-0.00018738
-0.000233355
-0.000315054
-0.00044264
)
;

boundaryField
{
    back
    {
        type            slip;
    }
    cylinder
    {
        type            zeroGradient;
    }
    front
    {
        type            slip;
    }
    inflow
    {
        type            zeroGradient;
    }
    outflow
    {
        type            fixedValue;
        value           uniform 0;
    }
    wall
    {
        type            zeroGradient;
    }
}


// ************************************************************************* //
