/*--------------------------------*- C++ -*----------------------------------*\
| =========                 |                                                 |
| \\      /  F ield         | OpenFOAM: The Open Source CFD Toolbox           |
|  \\    /   O peration     | Version:  3.0.1                                 |
|   \\  /    A nd           | Web:      www.OpenFOAM.org                      |
|    \\/     M anipulation  |                                                 |
\*---------------------------------------------------------------------------*/
FoamFile
{
    version     2.0;
    format      ascii;
    class       volScalarField;
    location    "100.632319425750282";
    object      p;
}
// * * * * * * * * * * * * * * * * * * * * * * * * * * * * * * * * * * * * * //

dimensions      [0 2 -2 0 0 0 0];

internalField   nonuniform List<scalar> 
8400
(
-0.27731
-0.25827
-0.245178
-0.238779
-0.238333
-0.241325
-0.245282
-0.248971
-0.252491
-0.256817
-0.263323
-0.273177
-0.287084
-0.304975
-0.325623
-0.34775
-0.369429
-0.388606
-0.403358
-0.412145
-0.413796
-0.40716
-0.391653
-0.367077
-0.333509
-0.291363
-0.24169
-0.186509
-0.128966
-0.0726408
-0.0188814
0.0346087
0.0932207
0.151735
0.212126
0.270171
0.327234
0.379642
0.428238
0.470012
0.505263
0.53186
0.549676
0.55765
0.555476
0.542902
0.519929
0.486827
0.443617
0.391733
0.330806
0.263535
0.188814
0.110533
0.0267963
-0.0575892
-0.145132
-0.230382
-0.316379
-0.396602
-0.477513
-0.564124
-0.655697
-0.747949
-0.836938
-0.920047
-0.99567
-1.06297
-1.12152
-1.17091
-1.21079
-1.24108
-1.2613
-1.27203
-1.27438
-1.2694
-1.25833
-1.2427
-1.224
-1.20362
-1.18278
-1.16235
-1.14286
-1.1245
-1.10735
-1.09138
-1.07638
-1.0623
-1.04932
-1.03764
-1.02789
-1.01957
-1.01289
-1.00819
-1.00584
-1.00618
-1.00916
-1.01411
-1.01971
-1.0242
-1.02562
-1.0221
-1.0121
-0.994542
-0.968943
-0.935685
-0.893637
-0.846086
-0.794115
-0.73895
-0.681963
-0.624831
-0.569673
-0.518478
-0.472252
-0.430893
-0.39358
-0.359431
-0.328296
-0.300742
-0.312364
-0.291453
-0.272676
-0.258397
-0.250283
-0.247813
-0.247849
-0.248138
-0.247964
-0.247731
-0.249352
-0.254613
-0.26369
-0.278986
-0.298632
-0.321351
-0.345428
-0.368581
-0.388295
-0.402201
-0.408298
-0.405154
-0.391739
-0.367578
-0.332726
-0.28776
-0.234112
-0.174615
-0.113434
-0.0541373
0.00104692
0.0527936
0.108263
0.163524
0.220737
0.27615
0.330807
0.381407
0.428375
0.469025
0.503343
0.529388
0.546818
0.554649
0.552487
0.540093
0.517484
0.484908
0.442543
0.391687
0.332304
0.26675
0.194485
0.118862
0.038768
-0.0417508
-0.12444
-0.204832
-0.285785
-0.363041
-0.445781
-0.537232
-0.634753
-0.734738
-0.831979
-0.922485
-1.00405
-1.07562
-1.13654
-1.18625
-1.22418
-1.24971
-1.26313
-1.26629
-1.261
-1.24878
-1.23143
-1.21067
-1.18835
-1.16588
-1.14435
-1.12424
-1.10578
-1.08883
-1.07321
-1.05852
-1.04475
-1.03188
-1.02036
-1.01028
-1.00367
-0.999071
-0.996895
-0.997483
-1.00089
-1.00666
-1.01391
-1.02143
-1.02785
-1.03173
-1.0317
-1.02653
-1.01515
-0.996765
-0.970867
-0.937053
-0.899439
-0.856871
-0.810033
-0.759616
-0.706322
-0.651596
-0.59721
-0.54524
-0.497495
-0.455073
-0.418214
-0.386359
-0.35859
-0.334192
-0.307935
-0.29172
-0.276371
-0.263735
-0.25609
-0.254059
-0.255917
-0.257548
-0.256368
-0.253125
-0.250061
-0.24988
-0.253701
-0.263596
-0.278875
-0.298837
-0.322082
-0.346353
-0.368707
-0.385929
-0.395028
-0.393717
-0.380519
-0.3548
-0.316767
-0.267504
-0.209228
-0.145551
-0.080991
-0.0194945
0.0337133
0.0820429
0.132698
0.183607
0.235994
0.28746
0.338138
0.385705
0.429823
0.468443
0.501007
0.525946
0.542568
0.550049
0.547868
0.535816
0.513942
0.482419
0.441697
0.392787
0.336216
0.273689
0.205643
0.134322
0.0599286
-0.0150554
-0.09088
-0.165058
-0.239056
-0.311112
-0.390944
-0.48546
-0.588051
-0.69431
-0.798707
-0.896502
-0.984572
-1.06106
-1.12472
-1.17464
-1.21014
-1.23122
-1.2396
-1.23775
-1.22752
-1.21109
-1.19088
-1.16902
-1.1473
-1.12674
-1.10798
-1.09098
-1.07578
-1.0618
-1.04907
-1.03717
-1.02682
-1.01777
-1.01152
-1.00663
-1.00797
-1.01217
-1.01836
-1.02594
-1.03471
-1.04436
-1.05423
-1.06342
-1.07083
-1.07527
-1.07553
-1.07044
-1.05895
-1.04031
-1.01414
-0.9807
-0.939622
-0.892648
-0.841307
-0.786904
-0.728882
-0.671328
-0.614356
-0.559013
-0.506732
-0.459852
-0.419291
-0.384867
-0.355167
-0.328855
-0.275757
-0.264747
-0.255667
-0.244238
-0.23909
-0.240208
-0.247514
-0.256105
-0.261203
-0.260673
-0.255972
-0.251692
-0.250484
-0.254297
-0.264119
-0.279891
-0.300481
-0.323705
-0.346365
-0.364635
-0.374727
-0.373613
-0.359388
-0.331402
-0.290253
-0.237737
-0.176822
-0.111519
-0.0463579
0.0145122
0.0645712
0.109261
0.155355
0.202216
0.250134
0.297766
0.344557
0.388986
0.430121
0.466517
0.497117
0.520778
0.536444
0.543496
0.541275
0.529616
0.508601
0.478303
0.439448
0.39273
0.339184
0.279913
0.216119
0.149188
0.0801708
0.0105195
-0.0591431
-0.127582
-0.195213
-0.261893
-0.337466
-0.431261
-0.534852
-0.643306
-0.751087
-0.853235
-0.945866
-1.02614
-1.09195
-1.14197
-1.17552
-1.193
-1.19796
-1.19209
-1.17799
-1.15859
-1.1367
-1.11439
-1.09322
-1.07371
-1.0564
-1.04069
-1.02686
-1.01421
-1.00384
-0.995032
-0.98962
-0.986139
-0.987038
-0.989173
-0.996885
-1.00683
-1.01815
-1.03046
-1.04368
-1.05734
-1.07042
-1.08169
-1.09006
-1.09463
-1.09451
-1.08878
-1.07657
-1.05733
-1.03085
-0.997187
-0.95672
-0.910397
-0.859407
-0.804891
-0.746857
-0.686526
-0.625027
-0.563856
-0.504823
-0.449945
-0.400985
-0.358903
-0.323778
-0.295086
-0.218349
-0.207294
-0.202646
-0.200069
-0.198445
-0.200019
-0.213687
-0.231883
-0.248459
-0.257853
-0.259426
-0.255895
-0.25148
-0.249989
-0.253993
-0.264489
-0.280934
-0.301351
-0.322449
-0.340038
-0.349816
-0.348198
-0.332918
-0.303315
-0.260327
-0.206288
-0.144625
-0.0794967
-0.0154339
0.0433467
0.0901219
0.131176
0.173316
0.216454
0.26053
0.304655
0.348021
0.389518
0.427934
0.462186
0.490932
0.513327
0.52807
0.534688
0.532424
0.521146
0.500957
0.471868
0.43479
0.390215
0.339467
0.283315
0.223348
0.160519
0.0962084
0.0314267
-0.0329454
-0.0961211
-0.158211
-0.219596
-0.29073
-0.381926
-0.484294
-0.592586
-0.701159
-0.804962
-0.899631
-0.981512
-1.04777
-1.09659
-1.1274
-1.14231
-1.14376
-1.13423
-1.11693
-1.09521
-1.07185
-1.04872
-1.02691
-1.0067
-0.988334
-0.971377
-0.956281
-0.942579
-0.93127
-0.921443
-0.914451
-0.908515
-0.905598
-0.903509
-0.907621
-0.919316
-0.937579
-0.95941
-0.981703
-1.00217
-1.01962
-1.03375
-1.04449
-1.05151
-1.0542
-1.05172
-1.04305
-1.02715
-1.00343
-0.971933
-0.933078
-0.887722
-0.837138
-0.782356
-0.724795
-0.664983
-0.603844
-0.542613
-0.48235
-0.424245
-0.369791
-0.321057
-0.279333
-0.242178
-0.142903
-0.122465
-0.109945
-0.106324
-0.113874
-0.127975
-0.149985
-0.178692
-0.208183
-0.232914
-0.247539
-0.252268
-0.250579
-0.247384
-0.247076
-0.252349
-0.263849
-0.280243
-0.298477
-0.314284
-0.323058
-0.320793
-0.304876
-0.27454
-0.230881
-0.176545
-0.115217
-0.0511947
0.0109201
0.0670892
0.110748
0.148336
0.186953
0.226693
0.267359
0.308301
0.348606
0.387403
0.423359
0.45559
0.482628
0.503796
0.517685
0.523877
0.521569
0.510648
0.491225
0.463295
0.427856
0.385324
0.337125
0.283908
0.227406
0.168352
0.108263
0.047892
-0.0117512
-0.07013
-0.127212
-0.183575
-0.250448
-0.338382
-0.438418
-0.545359
-0.653357
-0.757143
-0.85201
-0.933698
-0.998904
-1.04553
-1.07341
-1.08531
-1.08327
-1.07048
-1.05056
-1.02695
-1.00213
-0.977683
-0.954187
-0.931901
-0.910679
-0.890545
-0.871483
-0.85344
-0.836405
-0.81983
-0.803725
-0.787163
-0.771195
-0.7561
-0.74816
-0.753114
-0.769581
-0.79228
-0.816475
-0.839531
-0.860692
-0.879907
-0.896867
-0.911079
-0.921837
-0.928084
-0.928692
-0.922483
-0.908663
-0.886978
-0.857175
-0.819793
-0.776205
-0.727385
-0.67417
-0.618319
-0.561342
-0.503879
-0.445887
-0.387085
-0.328021
-0.270651
-0.219468
-0.174693
-0.0949639
-0.0744443
-0.0574123
-0.0477604
-0.0471655
-0.0545764
-0.0719812
-0.103537
-0.144012
-0.183664
-0.21462
-0.233083
-0.240342
-0.240834
-0.239867
-0.241788
-0.24886
-0.260947
-0.275713
-0.289163
-0.296583
-0.293663
-0.277449
-0.246978
-0.203361
-0.149408
-0.0890045
-0.0266256
0.0330916
0.0864492
0.12713
0.161565
0.196996
0.233654
0.271238
0.309274
0.3468
0.383098
0.416801
0.447129
0.472579
0.492558
0.505644
0.511415
0.509062
0.498477
0.479769
0.452951
0.419035
0.378447
0.3326
0.282149
0.228822
0.173261
0.117007
0.0606616
0.00530806
-0.0487088
-0.101226
-0.153013
-0.215791
-0.300161
-0.397246
-0.502096
-0.608698
-0.711496
-0.805438
-0.885827
-0.949051
-0.993065
-1.01797
-1.02648
-1.02116
-1.00556
-0.983473
-0.958161
-0.93177
-0.905508
-0.879611
-0.854221
-0.828987
-0.804103
-0.779169
-0.754336
-0.728931
-0.70289
-0.675637
-0.647387
-0.619057
-0.592911
-0.575321
-0.573523
-0.586262
-0.607058
-0.630648
-0.654526
-0.677545
-0.699478
-0.721043
-0.742701
-0.76351
-0.781333
-0.794656
-0.802379
-0.802355
-0.793316
-0.775424
-0.747955
-0.711045
-0.667123
-0.618443
-0.565797
-0.51013
-0.453299
-0.396385
-0.339465
-0.281833
-0.224828
-0.171026
-0.124349
-0.141489
-0.103966
-0.0703348
-0.0452463
-0.0289967
-0.0222893
-0.0275031
-0.0481496
-0.083164
-0.126027
-0.167233
-0.1989
-0.217962
-0.226368
-0.228851
-0.230464
-0.234872
-0.243383
-0.254778
-0.265711
-0.271615
-0.268007
-0.251641
-0.221327
-0.178114
-0.124909
-0.0657908
-0.00541629
0.0516209
0.102059
0.139881
0.171466
0.204029
0.237888
0.272678
0.308044
0.343025
0.377001
0.408624
0.43716
0.461122
0.479951
0.492269
0.497626
0.495223
0.484952
0.46692
0.441166
0.408685
0.369944
0.326296
0.278451
0.228062
0.175737
0.122992
0.0703447
0.0188923
-0.0311443
-0.0795287
-0.127159
-0.186007
-0.266635
-0.360347
-0.46256
-0.567186
-0.668384
-0.76073
-0.839221
-0.899928
-0.940811
-0.962973
-0.968262
-0.959938
-0.941871
-0.917841
-0.890793
-0.862563
-0.833949
-0.805048
-0.775755
-0.745745
-0.715075
-0.683387
-0.650891
-0.617077
-0.582371
-0.546594
-0.510919
-0.476632
-0.44695
-0.427855
-0.425362
-0.438173
-0.459832
-0.485054
-0.511395
-0.538354
-0.566177
-0.595483
-0.626549
-0.658335
-0.689295
-0.716306
-0.736072
-0.746545
-0.746246
-0.736358
-0.718854
-0.691947
-0.652766
-0.602528
-0.544373
-0.480418
-0.413886
-0.350173
-0.294703
-0.251163
-0.21994
-0.19598
-0.172857
-0.217924
-0.170811
-0.126219
-0.0869407
-0.0543932
-0.030744
-0.01908
-0.0227977
-0.0434915
-0.07821
-0.119252
-0.157499
-0.186328
-0.203878
-0.212513
-0.216683
-0.220675
-0.22701
-0.235686
-0.244274
-0.248633
-0.244286
-0.227786
-0.197735
-0.155101
-0.102863
-0.0452856
0.0128241
0.0670068
0.114487
0.149571
0.178568
0.208544
0.239858
0.272104
0.305012
0.337644
0.369455
0.399139
0.425989
0.44855
0.466272
0.477846
0.482794
0.480336
0.470362
0.452973
0.428237
0.397118
0.360133
0.318561
0.273173
0.225518
0.176204
0.126693
0.0774542
0.0295687
-0.01683
-0.0614677
-0.105311
-0.160406
-0.237202
-0.327257
-0.426418
-0.528621
-0.627778
-0.718102
-0.79435
-0.852395
-0.890376
-0.909403
-0.911623
-0.90056
-0.880224
-0.854242
-0.825246
-0.794742
-0.763252
-0.730767
-0.697022
-0.661791
-0.62504
-0.586735
-0.54732
-0.506929
-0.466563
-0.426692
-0.389083
-0.355254
-0.328793
-0.314616
-0.317108
-0.334451
-0.360263
-0.389925
-0.421168
-0.453084
-0.486204
-0.520938
-0.563857
-0.608799
-0.655441
-0.702207
-0.738417
-0.765317
-0.78284
-0.784813
-0.766118
-0.72848
-0.679003
-0.62497
-0.570852
-0.519184
-0.471547
-0.428044
-0.387578
-0.349234
-0.314084
-0.281693
-0.254587
-0.307773
-0.25706
-0.206431
-0.158904
-0.114852
-0.0769758
-0.0483336
-0.0325827
-0.03337
-0.0514489
-0.0826661
-0.118925
-0.151838
-0.17633
-0.191537
-0.199984
-0.205485
-0.211185
-0.218089
-0.22475
-0.227664
-0.222552
-0.205893
-0.176134
-0.134175
-0.0830585
-0.0272188
0.0284419
0.0796793
0.124215
0.156687
0.183327
0.210962
0.239956
0.26988
0.30052
0.330974
0.360758
0.388621
0.413881
0.435116
0.451778
0.462629
0.467175
0.464656
0.454962
0.438189
0.414426
0.384611
0.349298
0.309698
0.266629
0.22153
0.175026
0.128513
0.0824305
0.03782
-0.00524597
-0.0464766
-0.0868636
-0.138389
-0.211335
-0.297563
-0.393367
-0.492797
-0.589567
-0.677568
-0.751317
-0.806628
-0.841618
-0.857541
-0.856847
-0.843222
-0.820659
-0.792561
-0.761265
-0.728003
-0.693155
-0.656651
-0.61825
-0.577873
-0.535604
-0.491873
-0.447519
-0.403435
-0.361123
-0.321482
-0.28659
-0.257655
-0.237721
-0.230243
-0.238519
-0.260342
-0.290615
-0.325913
-0.367857
-0.414841
-0.467934
-0.528601
-0.590621
-0.656602
-0.72083
-0.771317
-0.811845
-0.84354
-0.867505
-0.879882
-0.876162
-0.855973
-0.821886
-0.776976
-0.725164
-0.670181
-0.61519
-0.562101
-0.512008
-0.465321
-0.422331
-0.382437
-0.357766
-0.392229
-0.341191
-0.287665
-0.237709
-0.187278
-0.141
-0.0993804
-0.0675642
-0.0492993
-0.0481986
-0.0635471
-0.0905085
-0.121007
-0.148139
-0.168132
-0.181007
-0.189126
-0.19544
-0.201544
-0.20683
-0.208512
-0.202668
-0.185837
-0.156384
-0.115169
-0.0652953
-0.0113464
0.0417442
0.0900107
0.131659
0.161646
0.186136
0.211643
0.238516
0.266314
0.294859
0.323289
0.351167
0.377312
0.401067
0.421045
0.436692
0.446843
0.450994
0.448408
0.438979
0.422799
0.399969
0.371407
0.337691
0.299968
0.25909
0.216394
0.172523
0.128801
0.0856522
0.0440602
0.0040553
-0.0340674
-0.0712948
-0.119437
-0.188571
-0.270892
-0.363131
-0.459518
-0.553621
-0.63906
-0.710085
-0.762434
-0.794564
-0.807478
-0.803971
-0.787841
-0.762963
-0.732493
-0.698512
-0.662074
-0.623527
-0.582861
-0.54003
-0.495175
-0.448706
-0.401538
-0.354898
-0.310244
-0.26923
-0.232999
-0.203408
-0.18051
-0.166288
-0.163936
-0.180169
-0.212014
-0.253331
-0.300386
-0.349324
-0.403594
-0.464607
-0.53424
-0.61269
-0.694624
-0.773559
-0.846397
-0.906395
-0.951277
-0.980143
-0.992373
-0.987941
-0.968224
-0.935291
-0.888423
-0.836918
-0.781376
-0.724304
-0.667962
-0.614177
-0.564622
-0.521077
-0.483115
-0.44572
-0.419175
-0.381176
-0.336549
-0.292684
-0.244497
-0.198046
-0.151395
-0.11097
-0.0792878
-0.0622316
-0.0611887
-0.0750159
-0.0979636
-0.123161
-0.144979
-0.161082
-0.171953
-0.179606
-0.185702
-0.190175
-0.190915
-0.184435
-0.167451
-0.138328
-0.097916
-0.049387
0.00255523
0.0530057
0.0983248
0.137173
0.164807
0.187328
0.210895
0.235823
0.261667
0.288275
0.31482
0.340908
0.365426
0.387749
0.40653
0.421209
0.430683
0.434447
0.431791
0.422614
0.407004
0.385071
0.357718
0.325529
0.289596
0.250793
0.210364
0.168969
0.12786
0.087444
0.0486426
0.0114565
-0.0238221
-0.0581574
-0.103104
-0.168506
-0.246906
-0.335451
-0.428594
-0.519804
-0.60248
-0.670637
-0.719988
-0.749184
-0.759159
-0.752892
-0.734222
-0.706873
-0.673769
-0.63679
-0.596915
-0.554565
-0.50996
-0.463358
-0.415198
-0.366342
-0.318074
-0.271831
-0.229188
-0.191758
-0.160876
-0.13691
-0.119545
-0.112179
-0.116828
-0.141837
-0.179344
-0.221709
-0.268327
-0.322307
-0.384912
-0.455454
-0.533403
-0.616125
-0.698156
-0.774665
-0.841491
-0.896884
-0.938528
-0.96462
-0.974787
-0.969999
-0.952066
-0.922762
-0.884182
-0.839007
-0.789504
-0.737475
-0.684283
-0.631287
-0.580587
-0.53523
-0.496445
-0.459696
-0.374217
-0.358963
-0.33615
-0.307921
-0.272568
-0.233511
-0.190788
-0.149336
-0.11192
-0.0845339
-0.0704373
-0.0711806
-0.0840115
-0.103697
-0.124278
-0.141697
-0.154647
-0.163795
-0.170377
-0.174517
-0.174623
-0.167651
-0.150568
-0.121812
-0.0822603
-0.0351611
0.0146909
0.062473
0.104904
0.141062
0.166475
0.18719
0.208982
0.23212
0.256162
0.280974
0.305766
0.330171
0.353146
0.374105
0.391742
0.405495
0.414317
0.417705
0.414977
0.406041
0.390982
0.369913
0.343726
0.313001
0.278776
0.241945
0.203663
0.164604
0.125946
0.0880824
0.0518674
0.0172844
-0.015385
-0.0470713
-0.0890092
-0.150786
-0.225301
-0.310085
-0.399838
-0.487977
-0.567729
-0.632923
-0.679232
-0.705412
-0.712478
-0.703459
-0.682174
-0.652198
-0.616263
-0.576111
-0.532738
-0.486786
-0.438814
-0.389416
-0.33947
-0.290262
-0.243127
-0.199398
-0.160747
-0.128429
-0.102681
-0.0838084
-0.072474
-0.0690228
-0.0737279
-0.104777
-0.14521
-0.190785
-0.240696
-0.293438
-0.349502
-0.41016
-0.475663
-0.543353
-0.609244
-0.669829
-0.722632
-0.76579
-0.797567
-0.816906
-0.823433
-0.817975
-0.801943
-0.777356
-0.746114
-0.71009
-0.670505
-0.628194
-0.583661
-0.537782
-0.492424
-0.450992
-0.417303
-0.39223
-0.300117
-0.302749
-0.299506
-0.288514
-0.26989
-0.243985
-0.211947
-0.175855
-0.139565
-0.107812
-0.0854407
-0.0755574
-0.0782756
-0.0904941
-0.10737
-0.124089
-0.137978
-0.148308
-0.155547
-0.159687
-0.159434
-0.152136
-0.13503
-0.106693
-0.0680592
-0.0224588
0.0252479
0.0703664
0.109994
0.143585
0.166908
0.185965
0.206128
0.227617
0.249991
0.273133
0.29629
0.319116
0.340628
0.360286
0.376829
0.389696
0.397891
0.400916
0.398115
0.389411
0.374884
0.354652
0.329591
0.300266
0.267677
0.232724
0.19648
0.159629
0.123278
0.0878015
0.0539903
0.0218166
-0.0084557
-0.0377145
-0.0768233
-0.1351
-0.205804
-0.286811
-0.373072
-0.458005
-0.534705
-0.596838
-0.640039
-0.663181
-0.667342
-0.655552
-0.631571
-0.59886
-0.56
-0.516656
-0.469979
-0.420931
-0.370378
-0.31937
-0.269326
-0.221558
-0.177183
-0.137814
-0.104452
-0.0769065
-0.055744
-0.0403659
-0.0316261
-0.0303507
-0.0337427
-0.0671957
-0.10268
-0.142992
-0.187426
-0.235146
-0.285197
-0.337136
-0.389975
-0.442062
-0.490759
-0.534102
-0.57043
-0.598797
-0.618371
-0.628892
-0.63036
-0.62329
-0.608654
-0.587889
-0.562624
-0.53441
-0.504432
-0.473108
-0.440224
-0.405548
-0.370151
-0.337049
-0.31162
-0.299285
-0.223406
-0.236949
-0.247034
-0.250202
-0.246044
-0.233702
-0.214324
-0.188155
-0.157982
-0.127218
-0.101389
-0.0843558
-0.0786063
-0.083097
-0.0947459
-0.109065
-0.122612
-0.133511
-0.141303
-0.145608
-0.145204
-0.137739
-0.120701
-0.0928397
-0.0551816
-0.0111353
0.0343966
0.076882
0.11381
0.144963
0.166326
0.183861
0.202527
0.222489
0.243319
0.264905
0.286535
0.307877
0.328006
0.346422
0.361917
0.373935
0.381528
0.384204
0.381334
0.372854
0.358842
0.33942
0.315445
0.287463
0.256442
0.223284
0.188978
0.154217
0.120039
0.0867998
0.0552279
0.0252866
-0.00278206
-0.0298132
-0.0662643
-0.121179
-0.188171
-0.265423
-0.348135
-0.429752
-0.503291
-0.562292
-0.602351
-0.622434
-0.623678
-0.609084
-0.58235
-0.546875
-0.50511
-0.45876
-0.409256
-0.357787
-0.305589
-0.254352
-0.205584
-0.160357
-0.120199
-0.0862129
-0.0581892
-0.0348423
-0.016957
-0.00294177
0.00435911
-0.00166242
-0.0122601
-0.0365103
-0.0639474
-0.0970514
-0.134158
-0.175196
-0.21885
-0.263785
-0.308248
-0.350277
-0.388095
-0.420081
-0.445192
-0.462736
-0.472592
-0.474947
-0.470493
-0.460097
-0.445018
-0.426327
-0.405394
-0.383248
-0.360676
-0.337705
-0.313972
-0.288952
-0.262741
-0.237426
-0.218555
-0.213682
-0.155385
-0.172817
-0.190065
-0.203015
-0.21013
-0.20967
-0.201985
-0.186595
-0.165231
-0.139655
-0.114561
-0.0942176
-0.082444
-0.08022
-0.0861896
-0.0969608
-0.109014
-0.11974
-0.127791
-0.132272
-0.131843
-0.124338
-0.107463
-0.0801357
-0.0435065
-0.00105913
0.0422911
0.0821943
0.116535
0.145384
0.164912
0.181053
0.19834
0.216888
0.236283
0.256418
0.276618
0.296567
0.315389
0.332623
0.347115
0.358318
0.365334
0.367676
0.364741
0.356478
0.342966
0.324329
0.301402
0.27471
0.245197
0.213754
0.181291
0.148511
0.116384
0.085245
0.055762
0.0278887
0.0018484
-0.0231328
-0.0570892
-0.108788
-0.172187
-0.245738
-0.324876
-0.403105
-0.473366
-0.529153
-0.566136
-0.583146
-0.581438
-0.564001
-0.534523
-0.49633
-0.451813
-0.402906
-0.351201
-0.298092
-0.245476
-0.195234
-0.148538
-0.10685
-0.0717657
-0.0429198
-0.0189363
0.00210694
0.0164477
0.0198294
0.0105736
-0.0151864
-0.0301318
-0.0442259
-0.0656537
-0.0919241
-0.122786
-0.156845
-0.193036
-0.229921
-0.265583
-0.29841
-0.326809
-0.349827
-0.366837
-0.377301
-0.381172
-0.378379
-0.369612
-0.355695
-0.33805
-0.318199
-0.297411
-0.276773
-0.256819
-0.238004
-0.219755
-0.200985
-0.18106
-0.161431
-0.146716
-0.144165
-0.0998055
-0.116432
-0.135625
-0.153557
-0.168302
-0.17721
-0.179583
-0.174255
-0.162076
-0.143817
-0.122356
-0.102319
-0.087385
-0.0801782
-0.0809565
-0.0876887
-0.0974054
-0.107241
-0.115158
-0.119707
-0.119302
-0.111842
-0.095214
-0.06848
-0.0329236
0.00788939
0.049069
0.0864591
0.11833
0.145007
0.162821
0.177685
0.193704
0.210941
0.229001
0.247781
0.266641
0.285281
0.302868
0.318979
0.332514
0.342935
0.349398
0.351422
0.348429
0.340376
0.32735
0.309474
0.287558
0.262106
0.234043
0.204241
0.173533
0.142634
0.112445
0.0832775
0.0557426
0.0297848
0.00561705
-0.0174711
-0.0490895
-0.0977246
-0.157664
-0.227592
-0.303154
-0.377964
-0.444857
-0.497367
-0.531322
-0.545272
-0.540578
-0.520307
-0.488151
-0.447352
-0.400448
-0.349577
-0.296353
-0.242708
-0.190976
-0.142561
-0.0988881
-0.0622107
-0.0326689
-0.00823443
0.0103535
0.015275
0.00605108
-0.0164844
-0.0457353
-0.0811532
-0.0883017
-0.0951362
-0.111858
-0.133507
-0.160448
-0.19041
-0.221966
-0.252771
-0.281617
-0.305926
-0.325124
-0.337766
-0.344168
-0.34421
-0.338486
-0.32751
-0.311742
-0.292378
-0.270441
-0.247577
-0.225059
-0.204074
-0.184999
-0.167331
-0.150629
-0.134511
-0.118666
-0.10332
-0.0917461
-0.0900028
-0.0557522
-0.0700049
-0.0880544
-0.106974
-0.125378
-0.140363
-0.150627
-0.154142
-0.150512
-0.140129
-0.12477
-0.107054
-0.0914988
-0.0812639
-0.0779872
-0.0808389
-0.0877741
-0.0961404
-0.103509
-0.107946
-0.107556
-0.100182
-0.0838642
-0.0577847
-0.0233351
0.0158206
0.0548527
0.0898152
0.119337
0.143969
0.160186
0.173881
0.188735
0.204756
0.221571
0.239085
0.256689
0.274097
0.290517
0.305564
0.318186
0.32786
0.333792
0.335516
0.33247
0.324626
0.312071
0.294932
0.273992
0.249734
0.223068
0.194833
0.165796
0.136684
0.108327
0.0810124
0.0552925
0.0311114
0.00868013
-0.0126553
-0.0420881
-0.0878136
-0.144433
-0.210833
-0.282848
-0.354214
-0.417745
-0.467015
-0.497827
-0.508726
-0.501078
-0.47805
-0.443316
-0.40016
-0.351376
-0.299139
-0.245331
-0.19251
-0.14268
-0.0972571
-0.0590739
-0.0297839
-0.00767322
0.00318649
-0.00574247
-0.037133
-0.0721563
-0.102889
-0.132201
-0.158782
-0.162202
-0.17814
-0.195567
-0.216641
-0.242381
-0.269215
-0.298258
-0.325187
-0.348729
-0.366214
-0.376235
-0.378682
-0.373372
-0.361443
-0.343392
-0.320579
-0.293997
-0.264708
-0.234309
-0.204186
-0.176132
-0.151068
-0.129887
-0.112473
-0.0976419
-0.0834739
-0.0695506
-0.0572075
-0.0485529
-0.047544
-0.0209265
-0.0329262
-0.0488478
-0.0664178
-0.085362
-0.103173
-0.11834
-0.128672
-0.132509
-0.12952
-0.120503
-0.107389
-0.0934432
-0.0820114
-0.076105
-0.0757947
-0.0799098
-0.0864311
-0.0929051
-0.0970121
-0.0965835
-0.0893164
-0.0733386
-0.0479697
-0.0146573
0.0228361
0.0597518
0.0923841
0.119678
0.142387
0.157122
0.169744
0.183527
0.198421
0.214074
0.230403
0.246832
0.263081
0.278399
0.292438
0.304193
0.313153
0.318578
0.320017
0.316927
0.309287
0.297192
0.280767
0.260768
0.237662
0.21234
0.185602
0.158158
0.130745
0.104121
0.0785426
0.0545132
0.0319857
0.0111719
-0.00853996
-0.0359361
-0.0789048
-0.13235
-0.195329
-0.263848
-0.331767
-0.391952
-0.437949
-0.465608
-0.47349
-0.462974
-0.437292
-0.400151
-0.355023
-0.304869
-0.25198
-0.198835
-0.14807
-0.101429
-0.0617834
-0.0326568
-0.014182
-0.00934616
-0.0259848
-0.0628681
-0.0990587
-0.119877
-0.145431
-0.17613
-0.207835
-0.237646
-0.270603
-0.304236
-0.341621
-0.375221
-0.409908
-0.440669
-0.469628
-0.490351
-0.501622
-0.501254
-0.490061
-0.469345
-0.440562
-0.405984
-0.366433
-0.32362
-0.278783
-0.23397
-0.191276
-0.152698
-0.119693
-0.0924331
-0.0707376
-0.0543597
-0.0420291
-0.030738
-0.0198667
-0.0126178
-0.0130285
0.00546817
-0.00454245
-0.0178414
-0.0329455
-0.0505008
-0.0687006
-0.0858972
-0.100444
-0.11023
-0.11377
-0.111056
-0.103189
-0.0924657
-0.0820619
-0.074457
-0.0718362
-0.0734649
-0.078001
-0.083342
-0.0869141
-0.0863556
-0.0792082
-0.0635826
-0.0389582
-0.00681784
0.0290267
0.063867
0.0942713
0.119463
0.140365
0.153725
0.165359
0.178159
0.192012
0.206581
0.2218
0.237126
0.252288
0.266565
0.279648
0.290582
0.298863
0.303804
0.304973
0.301848
0.294411
0.282762
0.267028
0.247939
0.225944
0.201915
0.176605
0.150679
0.124884
0.0998954
0.0759427
0.0534903
0.032509
0.0132053
-0.00500573
-0.0305097
-0.0708696
-0.121287
-0.180959
-0.246048
-0.310543
-0.367382
-0.410115
-0.434655
-0.439586
-0.426311
-0.398114
-0.358839
-0.312172
-0.261198
-0.208613
-0.157368
-0.109917
-0.0687464
-0.0380371
-0.019855
-0.0140829
-0.0276688
-0.0596552
-0.0905887
-0.106725
-0.115323
-0.132397
-0.169485
-0.222704
-0.279808
-0.346795
-0.411463
-0.480194
-0.543213
-0.596209
-0.639138
-0.671593
-0.693464
-0.699617
-0.68845
-0.66023
-0.618881
-0.568206
-0.511621
-0.452056
-0.390582
-0.32874
-0.268118
-0.211063
-0.159345
-0.115019
-0.0789077
-0.0503891
-0.0283933
-0.0129626
-0.00275255
0.00565503
0.0126512
0.0134689
0.0199527
0.0146446
0.00481437
-0.00730991
-0.0219058
-0.0386673
-0.0559079
-0.0720092
-0.0856161
-0.0945182
-0.0974797
-0.0948852
-0.0881957
-0.0797892
-0.0723365
-0.0682554
-0.0680133
-0.0706596
-0.0747322
-0.0776456
-0.0768493
-0.0698076
-0.0545591
-0.0306838
0.000253859
0.0344695
0.0672913
0.095569
0.118783
0.137994
0.150081
0.160803
0.172696
0.185588
0.199148
0.213324
0.227617
0.241759
0.255054
0.267232
0.277389
0.285026
0.289507
0.290423
0.28727
0.280035
0.268821
0.253755
0.235545
0.214622
0.191835
0.167887
0.14341
0.119153
0.0957056
0.0732735
0.0522972
0.0327672
0.0148729
-0.00195592
-0.0257048
-0.0635979
-0.111132
-0.167617
-0.229353
-0.290455
-0.343966
-0.383481
-0.40496
-0.407032
-0.391129
-0.360619
-0.319557
-0.271815
-0.220715
-0.169478
-0.121273
-0.0786614
-0.0449884
-0.0236434
-0.0141044
-0.0186584
-0.0412882
-0.0661243
-0.0764581
-0.0771686
-0.0828899
-0.117652
-0.179826
-0.261314
-0.366033
-0.429095
-0.516113
-0.591791
-0.670049
-0.735193
-0.787313
-0.823951
-0.844563
-0.845393
-0.823354
-0.780559
-0.722072
-0.655015
-0.583589
-0.510888
-0.437952
-0.365932
-0.296095
-0.230449
-0.171111
-0.120438
-0.0792726
-0.0470441
-0.0219672
-0.00316672
0.00916724
0.0166054
0.021842
0.0238959
0.0211523
0.0214144
0.0177191
0.00987988
-0.000565007
-0.0138779
-0.0296871
-0.0456859
-0.0607277
-0.0732708
-0.0811214
-0.0833381
-0.0808902
-0.0754878
-0.0691325
-0.0645578
-0.0630895
-0.0641604
-0.0669598
-0.0691555
-0.0680494
-0.0610635
-0.0462251
-0.0230995
0.0066289
0.0392322
0.070108
0.09636
0.117718
0.135351
0.146262
0.156137
0.167191
0.179198
0.191821
0.205018
0.218341
0.231527
0.243898
0.25522
0.264642
0.271671
0.275715
0.276394
0.273223
0.266187
0.255396
0.240979
0.223618
0.203729
0.182132
0.159482
0.136389
0.113592
0.091594
0.0705857
0.0509967
0.0328314
0.0162482
0.00068787
-0.0214332
-0.0569949
-0.101788
-0.15521
-0.213674
-0.271428
-0.321651
-0.358019
-0.376517
-0.375853
-0.35748
-0.324917
-0.282464
-0.234176
-0.183733
-0.134814
-0.0905913
-0.0537824
-0.0273441
-0.0118401
-0.00627504
-0.015416
-0.033363
-0.0395743
-0.0384909
-0.0543609
-0.0864792
-0.1355
-0.259908
-0.322879
-0.407585
-0.461013
-0.531295
-0.599347
-0.670045
-0.730955
-0.776232
-0.803976
-0.814834
-0.809347
-0.785151
-0.743016
-0.686199
-0.620479
-0.55023
-0.478547
-0.407118
-0.337377
-0.270948
-0.209715
-0.151195
-0.105829
-0.0692857
-0.0411827
-0.0199224
-0.00387422
0.00700784
0.0132886
0.0178178
0.0209534
0.0202895
0.0199586
0.0195467
0.0181058
0.0129256
0.00470107
-0.00778994
-0.0226376
-0.0376657
-0.051681
-0.0630773
-0.0696462
-0.0710672
-0.0689806
-0.0647273
-0.0604236
-0.0583469
-0.0582217
-0.0599218
-0.0613446
-0.0599197
-0.0529476
-0.0385213
-0.016168
0.0123689
0.0433818
0.0723884
0.0967185
0.116338
0.132501
0.142331
0.151419
0.161692
0.172881
0.184637
0.196917
0.209326
0.221617
0.23312
0.243632
0.252361
0.258818
0.262449
0.262906
0.259724
0.252887
0.242509
0.228719
0.212179
0.193285
0.172827
0.151417
0.129644
0.108231
0.0875937
0.0679217
0.0496412
0.0327576
0.0173886
0.00299071
-0.0176182
-0.0509783
-0.0931696
-0.143655
-0.198934
-0.253395
-0.300386
-0.333704
-0.349332
-0.346073
-0.32542
-0.291113
-0.247698
-0.199444
-0.150422
-0.104512
-0.0646389
-0.0331093
-0.0111506
0.00300238
0.00827365
0.00213646
-0.0040849
-0.00511933
-0.0159891
-0.0569109
-0.138799
-0.201128
-0.296987
-0.352524
-0.372968
-0.391497
-0.432543
-0.485638
-0.537503
-0.578738
-0.607037
-0.624942
-0.632992
-0.629446
-0.612332
-0.582376
-0.541716
-0.493293
-0.43949
-0.38246
-0.323626
-0.264886
-0.208285
-0.156002
-0.109734
-0.0711945
-0.0409883
-0.0189416
-0.00400549
0.00575583
0.0110078
0.0126146
0.0130534
0.0175635
0.0214625
0.0280552
0.0267308
0.0260293
0.0225183
0.017548
0.00899773
-0.00343158
-0.0176408
-0.0316059
-0.04453
-0.0545783
-0.0596141
-0.0605268
-0.0588517
-0.0557124
-0.0534874
-0.0531878
-0.0535922
-0.0541548
-0.0523869
-0.0454344
-0.0313954
-0.00984343
0.0175214
0.0469828
0.0741957
0.0967093
0.114699
0.129496
0.138337
0.146696
0.156238
0.166668
0.177621
0.189046
0.200596
0.212047
0.222736
0.232484
0.24056
0.246478
0.249722
0.249972
0.246787
0.240148
0.230172
0.21699
0.201242
0.183305
0.163937
0.143708
0.123196
0.103091
0.0837304
0.0653165
0.0482724
0.032588
0.0183392
0.00500819
-0.0141927
-0.0454765
-0.0852022
-0.13288
-0.18506
-0.236289
-0.280095
-0.31053
-0.323414
-0.317713
-0.295003
-0.259301
-0.215359
-0.167717
-0.120728
-0.0780817
-0.04212
-0.0142582
0.00607557
0.0207163
0.0275217
0.02601
0.0220735
0.00839323
-0.0371459
-0.103046
-0.187276
-0.248185
-0.27212
-0.274469
-0.249366
-0.251855
-0.28874
-0.330504
-0.363397
-0.386216
-0.403221
-0.416832
-0.426129
-0.429005
-0.423925
-0.409984
-0.387685
-0.358206
-0.32338
-0.284361
-0.242578
-0.199496
-0.156534
-0.11513
-0.0766001
-0.0425428
-0.0144142
0.00709599
0.0220597
0.0309161
0.0330553
0.0280168
0.0175778
0.0117929
-0.0250029
-0.00294709
0.0167953
0.0274764
0.0277636
0.0248293
0.0203544
0.0117029
-0.000821804
-0.0142724
-0.027065
-0.0388628
-0.0471277
-0.0508111
-0.0515356
-0.0501804
-0.048353
-0.0476969
-0.0477155
-0.0475445
-0.0453737
-0.0384729
-0.0248146
-0.0040718
0.022128
0.0500908
0.0755886
0.0963881
0.112853
0.12638
0.13432
0.142006
0.150864
0.160585
0.170797
0.181425
0.192166
0.20283
0.212756
0.221784
0.229244
0.234658
0.237539
0.237599
0.234418
0.227976
0.218391
0.205798
0.190814
0.173797
0.155469
0.136368
0.117056
0.0981861
0.0800241
0.0627983
0.0469212
0.0323536
0.0191362
0.00678817
-0.011099
-0.0404273
-0.0778217
-0.122823
-0.171995
-0.220076
-0.260916
-0.288488
-0.298767
-0.290782
-0.26628
-0.229548
-0.185506
-0.138984
-0.0943632
-0.0548398
-0.0219689
0.00365211
0.0233956
0.0375359
0.0430536
0.0381742
0.0231432
-0.0107926
-0.0894462
-0.151233
-0.195111
-0.207697
-0.192477
-0.166755
-0.135812
-0.14463
-0.174361
-0.201137
-0.221761
-0.2387
-0.253675
-0.266508
-0.275686
-0.280283
-0.279977
-0.275733
-0.268055
-0.257028
-0.242089
-0.222713
-0.199383
-0.172419
-0.143147
-0.112182
-0.0806354
-0.0498937
-0.0217413
0.00234612
0.0215759
0.035251
0.040856
0.0302704
0.00871483
-0.0181426
-0.0632696
-0.0514258
-0.0282348
-0.000479246
0.0178117
0.0229497
0.0235012
0.0207696
0.0124806
0.000342367
-0.0118764
-0.0237249
-0.0340316
-0.0403503
-0.0432205
-0.0437502
-0.0429224
-0.0422802
-0.0420829
-0.041439
-0.038844
-0.0320013
-0.0187474
0.00119681
0.0262318
0.0527527
0.0766206
0.0958035
0.110844
0.123189
0.130313
0.137382
0.145599
0.154654
0.164178
0.174068
0.18405
0.193973
0.203186
0.211537
0.218418
0.223361
0.225904
0.225788
0.222619
0.216372
0.207169
0.195145
0.180898
0.164762
0.147428
0.129402
0.111232
0.0935251
0.07649
0.0603879
0.0456093
0.0320769
0.0198099
0.00837147
-0.00828873
-0.0357769
-0.0709746
-0.113423
-0.159681
-0.204738
-0.242691
-0.267533
-0.275376
-0.265295
-0.239293
-0.201882
-0.158144
-0.113152
-0.0709771
-0.0343005
-0.00410193
0.0197526
0.037561
0.0469851
0.0452832
0.0269435
-0.00474593
-0.0594031
-0.117119
-0.151421
-0.158258
-0.147685
-0.123356
-0.10054
-0.0870622
-0.094414
-0.111541
-0.128178
-0.141122
-0.150042
-0.15656
-0.162342
-0.169417
-0.178193
-0.1875
-0.195998
-0.202387
-0.206253
-0.206545
-0.203619
-0.196827
-0.186795
-0.17322
-0.156287
-0.136269
-0.113354
-0.0893909
-0.06667
-0.0464319
-0.0315231
-0.0223276
-0.0243298
-0.0346153
-0.0380875
-0.062359
-0.0465463
-0.0348739
-0.0222672
-0.00187371
0.0129994
0.0193478
0.0219928
0.0201362
0.0118359
0.000852764
-0.0102657
-0.0211339
-0.0294625
-0.0343335
-0.0366115
-0.0370746
-0.0368472
-0.0365987
-0.0357471
-0.0327907
-0.0259638
-0.0131513
0.00600078
0.0298778
0.0550095
0.0773399
0.0949997
0.108709
0.119958
0.126341
0.132846
0.140464
0.148893
0.157777
0.166983
0.176254
0.185482
0.194027
0.201743
0.20808
0.212583
0.214813
0.214535
0.211384
0.205332
0.196501
0.185029
0.171491
0.156198
0.139812
0.12281
0.105725
0.0891131
0.0731387
0.0580995
0.0443507
0.0317746
0.0203861
0.00979342
-0.00572056
-0.0314805
-0.0646145
-0.104625
-0.148073
-0.190231
-0.225373
-0.247648
-0.25322
-0.24127
-0.214069
-0.176304
-0.133243
-0.090063
-0.0502797
-0.0163758
0.011324
0.0322196
0.0452172
0.0463769
0.0329759
0.00133327
-0.0377033
-0.0826668
-0.114409
-0.123056
-0.115402
-0.0983525
-0.0801983
-0.0680243
-0.0638099
-0.0675496
-0.0761271
-0.0834622
-0.0879417
-0.0930296
-0.101152
-0.111374
-0.122011
-0.133209
-0.146466
-0.161602
-0.178005
-0.194812
-0.211833
-0.229002
-0.246484
-0.26352
-0.276812
-0.283946
-0.281106
-0.267943
-0.246726
-0.221274
-0.195608
-0.170457
-0.149445
-0.130334
-0.113502
-0.0869499
-0.0462796
-0.0230648
-0.0205295
-0.0165523
-0.00775248
0.00554849
0.0143117
0.0190357
0.021786
0.0189426
0.0108541
0.00106779
-0.00931802
-0.018644
-0.0251745
-0.029033
-0.030839
-0.0313417
-0.031224
-0.0302947
-0.0271858
-0.0203267
-0.00798124
0.0103732
0.0331113
0.056898
0.077787
0.0940177
0.106483
0.116716
0.122427
0.128417
0.135479
0.143317
0.151602
0.160175
0.168783
0.177357
0.185278
0.192399
0.198224
0.202319
0.204259
0.203834
0.200708
0.19485
0.186381
0.175442
0.162584
0.148098
0.132616
0.116591
0.100533
0.0849514
0.0699768
0.0559416
0.0431539
0.03146
0.0208873
0.0110842
-0.00336144
-0.0275015
-0.0586982
-0.0963812
-0.13713
-0.176499
-0.208963
-0.228819
-0.232286
-0.218718
-0.190612
-0.152814
-0.11079
-0.0695544
-0.0320191
-0.00142994
0.0230648
0.039305
0.0451805
0.0368219
0.0130456
-0.0210241
-0.0552171
-0.0831168
-0.0955305
-0.0928994
-0.0804457
-0.0656214
-0.0532189
-0.0443745
-0.0405468
-0.0472863
-0.0580396
-0.0652514
-0.0708015
-0.0769488
-0.0839861
-0.0912873
-0.100224
-0.112861
-0.130136
-0.151642
-0.177858
-0.209344
-0.247383
-0.292779
-0.346636
-0.40479
-0.460074
-0.500685
-0.518662
-0.511714
-0.48384
-0.443557
-0.396685
-0.347227
-0.296001
-0.236396
-0.172426
-0.115492
-0.0732113
-0.0352855
-0.00630568
-0.0108422
-0.00708891
0.00240472
0.0120563
0.0165738
0.0204203
0.0217318
0.0176267
0.0100708
0.000882741
-0.00848977
-0.0160916
-0.0212653
-0.0243232
-0.0257485
-0.0259556
-0.0251118
-0.021994
-0.0150889
-0.00319143
0.01435
0.0359704
0.0584572
0.0779943
0.0928933
0.104195
0.113485
0.118588
0.124108
0.130656
0.137938
0.145662
0.153648
0.161636
0.169596
0.176935
0.1835
0.188845
0.192559
0.194233
0.193674
0.190579
0.184914
0.176797
0.166373
0.154169
0.140453
0.125833
0.110737
0.0956517
0.0810384
0.0670069
0.0539179
0.0420237
0.0311441
0.0213329
0.0122669
-0.00118674
-0.0238089
-0.0531881
-0.0886525
-0.126808
-0.163507
-0.19345
-0.211023
-0.212576
-0.197634
-0.16891
-0.131409
-0.0908166
-0.0519446
-0.018478
0.010206
0.0303762
0.0407686
0.0385696
0.0223253
-0.00522578
-0.0340633
-0.0591796
-0.0728604
-0.0744374
-0.0667476
-0.05405
-0.0428176
-0.0336186
-0.0285753
-0.0317593
-0.0433286
-0.0484397
-0.0499432
-0.0513271
-0.054202
-0.0571006
-0.0604335
-0.0683087
-0.0833512
-0.105022
-0.132926
-0.167684
-0.210383
-0.262947
-0.327459
-0.404353
-0.489071
-0.571719
-0.63711
-0.674353
-0.677361
-0.650506
-0.600948
-0.53827
-0.469174
-0.394811
-0.326074
-0.217646
-0.261985
-0.122962
-0.0802291
-0.00766088
-0.0110717
0.000681526
0.0029489
0.0108328
0.0160473
0.019355
0.0221718
0.0214151
0.0166386
0.00923748
0.000559906
-0.00746554
-0.0135804
-0.0176766
-0.0200733
-0.0207934
-0.020103
-0.0171522
-0.0102526
0.00125054
0.0179721
0.0384872
0.0597227
0.0779916
0.0916547
0.101871
0.110286
0.114836
0.119929
0.126002
0.132765
0.13996
0.147402
0.154812
0.162196
0.168991
0.175037
0.179933
0.183293
0.184723
0.184044
0.180986
0.175511
0.167737
0.157809
0.146231
0.133249
0.11945
0.105238
0.0910725
0.0773696
0.0642281
0.0520288
0.0409624
0.0308363
0.0217384
0.0133579
0.000821567
-0.0203757
-0.0480533
-0.0814013
-0.117066
-0.15123
-0.178805
-0.194244
-0.194078
-0.177997
-0.148949
-0.112083
-0.0732249
-0.0367873
-0.00597022
0.0185338
0.0333631
0.0374183
0.027759
0.00763354
-0.0175166
-0.0398628
-0.0554683
-0.0592302
-0.0545261
-0.0453978
-0.0364378
-0.0319419
-0.0297398
-0.0408949
-0.0552302
-0.0544705
-0.0462829
-0.0349017
-0.0223186
-0.010986
-0.00376246
-0.00557094
-0.0178324
-0.038523
-0.0657359
-0.0991482
-0.138373
-0.183748
-0.235141
-0.293917
-0.359398
-0.429404
-0.498639
-0.556171
-0.591644
-0.599507
-0.5826
-0.545694
-0.494798
-0.432962
-0.364647
-0.295968
-0.224045
-0.170113
-0.117784
-0.090431
-0.0272391
-0.0205685
0.00589531
0.00785871
0.0130262
0.0171572
0.0199376
0.0225191
0.0233968
0.0210083
0.0156792
0.0082784
0.000422551
-0.00624684
-0.0110956
-0.014354
-0.015737
-0.01528
-0.0123404
-0.00577647
0.0053546
0.02128
0.0406957
0.0607223
0.0778085
0.0903261
0.0995346
0.107135
0.111184
0.115885
0.121524
0.127801
0.134501
0.141435
0.148307
0.155152
0.161439
0.167001
0.171477
0.174508
0.175714
0.17493
0.171912
0.166626
0.159184
0.149735
0.138756
0.126473
0.113457
0.100084
0.0867856
0.0739386
0.0616369
0.0502716
0.0399709
0.0305445
0.0221152
0.0143678
0.00267735
-0.01718
-0.0432698
-0.0745895
-0.10787
-0.139648
-0.165
-0.17846
-0.176763
-0.159792
-0.130709
-0.0948164
-0.0580269
-0.0247878
0.00332411
0.02317
0.0326415
0.030361
0.0159553
-0.00379783
-0.0244896
-0.0403651
-0.04716
-0.0447942
-0.039488
-0.0349054
-0.0330193
-0.039007
-0.0591915
-0.0673291
-0.0467607
-0.0491583
-0.0438106
-0.0311419
-0.0156257
0.00347591
0.014745
0.0137572
0.00118078
-0.0205433
-0.0495286
-0.0840032
-0.122623
-0.164495
-0.208444
-0.252827
-0.296046
-0.335588
-0.369627
-0.394963
-0.408691
-0.408532
-0.395423
-0.371684
-0.339405
-0.297458
-0.24717
-0.194082
-0.145938
-0.119795
-0.07165
-0.0710653
-0.0485102
-0.0202472
0.00303628
0.0139661
0.0177035
0.0209626
0.0222917
0.0238693
0.0249441
0.0239653
0.0204083
0.0145685
0.00742378
0.000563871
-0.00478909
-0.00868867
-0.0107725
-0.0106762
-0.00797355
-0.00164881
0.00912583
0.0242984
0.0426369
0.0614812
0.077469
0.0889297
0.0972038
0.104048
0.10764
0.111982
0.117222
0.12305
0.129283
0.135744
0.142115
0.148454
0.154269
0.15938
0.163464
0.16619
0.167193
0.166314
0.163342
0.158241
0.151121
0.142132
0.131725
0.120109
0.107837
0.0952594
0.0827795
0.0707369
0.059227
0.0486423
0.0390491
0.0302751
0.0224718
0.015304
0.0043936
-0.0142045
-0.038816
-0.0681801
-0.099198
-0.12874
-0.152007
-0.163644
-0.160598
-0.143003
-0.114145
-0.0795607
-0.0450576
-0.0145697
0.00973179
0.0246994
0.0290003
0.0214603
0.00598208
-0.0114183
-0.0273589
-0.0363242
-0.0367795
-0.033658
-0.030889
-0.0284029
-0.0291245
-0.0284543
-0.0263868
-0.0311026
-0.0375477
-0.0518228
-0.0527579
-0.0525864
-0.0418569
-0.0286052
-0.0214123
-0.0245762
-0.0357531
-0.0543085
-0.0776555
-0.102848
-0.129764
-0.157564
-0.186361
-0.213894
-0.239008
-0.25925
-0.272999
-0.279511
-0.278371
-0.269029
-0.25159
-0.228145
-0.201907
-0.173961
-0.143395
-0.108793
-0.073329
-0.0550428
-0.0216266
-0.0305634
-0.0381287
-0.0210907
-0.0037112
0.0141134
0.0208024
0.025183
0.0257016
0.0261323
0.0267928
0.0264061
0.0239934
0.0195083
0.0134309
0.00678224
0.00111055
-0.0032231
-0.00591394
-0.00625691
-0.00385248
0.00213406
0.0125925
0.0270391
0.0443467
0.0620288
0.0769921
0.0874843
0.0948949
0.101037
0.104214
0.108224
0.113098
0.118509
0.124305
0.130324
0.13623
0.142095
0.147468
0.152162
0.155881
0.158324
0.159141
0.15818
0.155258
0.15034
0.143531
0.134984
0.125122
0.114141
0.102576
0.0907516
0.0790421
0.0677552
0.0569912
0.0471354
0.0381966
0.0300326
0.0228137
0.0161739
0.00598516
-0.011438
-0.0346691
-0.0621391
-0.0910337
-0.118477
-0.139805
-0.149765
-0.145564
-0.127602
-0.0992017
-0.0662446
-0.0342691
-0.00678159
0.0134785
0.0237743
0.0234111
0.0129479
-0.00133881
-0.01588
-0.0264647
-0.0292498
-0.0272818
-0.0242586
-0.0195723
-0.0104493
0.00303147
0.0120725
0.0226018
0.0168956
-0.0156714
-0.0529136
-0.0861395
-0.126747
-0.153945
-0.162671
-0.159479
-0.15459
-0.152313
-0.152678
-0.155414
-0.157826
-0.160737
-0.165414
-0.171566
-0.177882
-0.183417
-0.188376
-0.191434
-0.191687
-0.188299
-0.180931
-0.169155
-0.152442
-0.132244
-0.11039
-0.0863564
-0.0591086
-0.0316496
-0.0125258
-0.0015929
-0.00672353
-0.017426
-0.0149171
-0.00481223
0.00874122
0.0190889
0.0264718
0.0286673
0.028661
0.0288044
0.0286471
0.0269844
0.023423
0.0184075
0.0123258
0.00656204
0.00193109
-0.00122935
-0.0020174
7.1337e-05
0.00557646
0.0157836
0.0295164
0.0458473
0.0623974
0.0763949
0.0860045
0.09262
0.0981097
0.10091
0.104614
0.109152
0.114178
0.119561
0.125168
0.130641
0.136063
0.141024
0.145331
0.148712
0.150893
0.151541
0.15051
0.147641
0.142902
0.136395
0.128272
0.11893
0.108553
0.0976592
0.086546
0.0755609
0.0649836
0.0549215
0.0457455
0.0374125
0.0298203
0.0231446
0.0169861
0.00746825
-0.008872
-0.0308027
-0.0564397
-0.0833638
-0.108829
-0.128376
-0.136787
-0.131654
-0.113552
-0.0858458
-0.0547581
-0.025492
-0.00118758
0.0150218
0.0211125
0.0171612
0.00604936
-0.00629878
-0.0171006
-0.0221631
-0.0211431
-0.0176092
-0.0106105
0.00221038
0.0165867
0.0291566
0.0438035
0.0360202
-0.00505669
-0.0909864
-0.12583
-0.186376
-0.251587
-0.315165
-0.347573
-0.350363
-0.330665
-0.301168
-0.271458
-0.243383
-0.218386
-0.195786
-0.177744
-0.163949
-0.15338
-0.144119
-0.135684
-0.127529
-0.119547
-0.112095
-0.104648
-0.0982033
-0.0931375
-0.0871158
-0.0784532
-0.0658509
-0.0457256
-0.0209778
-0.00621039
0.0143933
0.00330249
-0.00161864
-0.00425788
-0.000455189
0.00644703
0.0161401
0.024077
0.0295648
0.0306582
0.0306707
0.0305467
0.0295632
0.026666
0.02249
0.0171073
0.0115157
0.00672971
0.00321277
0.00201554
0.00379829
0.00954543
0.0187537
0.031751
0.0471584
0.0626144
0.0756933
0.0845024
0.0903879
0.0952753
0.0977347
0.101153
0.105382
0.110053
0.115049
0.120269
0.125341
0.130349
0.134925
0.138873
0.14194
0.14388
0.144375
0.143285
0.140472
0.13591
0.129694
0.121978
0.113131
0.103327
0.0930705
0.0826282
0.0723233
0.0624123
0.05301
0.044467
0.0366957
0.0296394
0.0234671
0.0177496
0.00885804
-0.00649816
-0.0271879
-0.0510647
-0.0761708
-0.0997707
-0.117691
-0.124682
-0.118864
-0.100767
-0.0740202
-0.0450066
-0.0184774
0.00257135
0.0148915
0.0174511
0.0113408
0.00102525
-0.00866362
-0.015214
-0.0158278
-0.0119307
-0.00443133
0.00846653
0.0222402
0.0340961
0.0355003
0.0402823
-0.0200531
-0.0746837
-0.151036
-0.179232
-0.244471
-0.307054
-0.37147
-0.411905
-0.414827
-0.386883
-0.351204
-0.314294
-0.278164
-0.242929
-0.207579
-0.174177
-0.145377
-0.122286
-0.104175
-0.0908183
-0.0793877
-0.0693912
-0.0604626
-0.0535026
-0.0481701
-0.0481465
-0.0530599
-0.0589987
-0.0563819
-0.0435129
-0.0137201
0.0295885
0.045723
0.0509287
0.0352698
0.0157284
0.00933311
0.0100562
0.0156385
0.0216466
0.028216
0.0311602
0.0319729
0.031899
0.0317528
0.0293916
0.0258545
0.0211395
0.0158978
0.0111379
0.00737913
0.00580566
0.00725342
0.0125596
0.0214566
0.0337588
0.0482937
0.0627042
0.0749028
0.0829882
0.0882062
0.0925395
0.0946915
0.0978454
0.101789
0.106132
0.110764
0.115619
0.12032
0.124943
0.129159
0.132774
0.13555
0.137266
0.137624
0.136485
0.133732
0.129344
0.123408
0.116082
0.107706
0.0984473
0.0887941
0.0789831
0.0693163
0.0600307
0.0512483
0.0432938
0.0360437
0.0294893
0.0237827
0.018472
0.0101672
-0.00430515
-0.0237975
-0.0460052
-0.0694302
-0.0912871
-0.107711
-0.113429
-0.107163
-0.0891462
-0.0636863
-0.0371298
-0.0129699
0.00483836
0.0136249
0.0134952
0.00670371
-0.00166502
-0.00852462
-0.0109536
-0.00784265
-0.00056699
0.0105813
0.0234239
0.0326434
0.0348307
0.0191152
-0.00205976
-0.0677327
-0.0966497
-0.100491
-0.127374
-0.177903
-0.224481
-0.268017
-0.302898
-0.321773
-0.325802
-0.319427
-0.305131
-0.282878
-0.253938
-0.218097
-0.174939
-0.134879
-0.102448
-0.0753708
-0.0792068
-0.0641756
-0.0542463
-0.0460878
-0.0386631
-0.034843
-0.0367366
-0.0465102
-0.0523464
-0.0519742
-0.0323173
-0.00683463
0.0333026
0.0630776
0.0763464
0.0704185
0.0555343
0.0341748
0.0211879
0.0195367
0.0220877
0.0265214
0.0305749
0.0323483
0.0327008
0.032184
0.0312538
0.0285138
0.0245067
0.0196833
0.0151001
0.0112537
0.00933746
0.0104965
0.0153457
0.0238847
0.0355531
0.0492643
0.0626907
0.0740373
0.0814704
0.0860811
0.0899073
0.0917846
0.0946922
0.0983712
0.102415
0.106704
0.111214
0.115569
0.119834
0.123715
0.127021
0.129528
0.131038
0.131271
0.130093
0.127403
0.123183
0.117519
0.110565
0.102636
0.0938956
0.0848124
0.0755946
0.0665261
0.0578282
0.0496278
0.0422192
0.0354527
0.0293676
0.0240911
0.0191579
0.0114038
-0.00227687
-0.0206083
-0.0412565
-0.063115
-0.0833568
-0.0983944
-0.103021
-0.0964616
-0.0786248
-0.0547986
-0.0304321
-0.00868276
0.00585464
0.0117274
0.00986318
0.00352219
-0.00269238
-0.00628221
-0.00484035
0.0013752
0.0108021
0.0218783
0.0298852
0.0305284
0.0196395
-0.00226542
-0.0349705
-0.0571367
-0.0551053
-0.032405
-0.0579185
-0.0897624
-0.121363
-0.153784
-0.183679
-0.209402
-0.230764
-0.243911
-0.244464
-0.234189
-0.216262
-0.192965
-0.166431
-0.140367
-0.118897
-0.103548
-0.0954469
-0.0906352
-0.0887416
-0.0867679
-0.0824454
-0.0753586
-0.0702566
-0.0689861
-0.071602
-0.0675963
-0.0399941
0.000597886
0.0366286
0.0248289
0.0647436
0.0795118
0.0736925
0.0610922
0.0427107
0.0301432
0.0264556
0.0268956
0.0299752
0.0321846
0.0331688
0.033279
0.0325977
0.030526
0.0272658
0.0229146
0.018572
0.0148101
0.0126075
0.013508
0.0179298
0.0260575
0.037158
0.0500765
0.0625919
0.0731128
0.0799558
0.0840184
0.0873828
0.0890168
0.0916955
0.0951274
0.0988956
0.102866
0.10705
0.111082
0.115014
0.118583
0.121604
0.123861
0.12518
0.1253
0.124091
0.121464
0.117409
0.112004
0.105404
0.0979003
0.0896523
0.0811068
0.0724453
0.0639381
0.0557933
0.0481386
0.0412351
0.0349174
0.0292704
0.0243905
0.0198087
0.0125709
-0.000392675
-0.0176042
-0.0368132
-0.0571991
-0.0759496
-0.0897074
-0.0934394
-0.0866489
-0.069195
-0.0472499
-0.0247367
-0.0054945
0.00593733
0.00969097
0.00698077
0.00196249
-0.00194869
-0.00228434
0.00218497
0.0100091
0.0192896
0.0265995
0.0274466
0.0199193
0.00192622
-0.015967
-0.0364109
-0.0298431
-0.0190813
-0.00108944
-0.0101773
-0.0295688
-0.0489327
-0.061982
-0.0730649
-0.0850502
-0.0941658
-0.0946989
-0.0893079
-0.0818631
-0.0760355
-0.0738119
-0.0762172
-0.084533
-0.0978911
-0.11503
-0.132823
-0.148151
-0.157295
-0.158264
-0.151218
-0.1395
-0.127689
-0.119423
-0.118881
-0.113841
-0.0973754
-0.0561533
-0.0560168
-0.0357667
0.0104591
0.0565673
0.06758
0.070589
0.059946
0.0454211
0.0355778
0.0307983
0.0306962
0.0321926
0.0332125
0.0337042
0.0335341
0.0320069
0.0294275
0.0256466
0.0215599
0.0180028
0.0156235
0.0162744
0.0203276
0.0279849
0.0385918
0.0507433
0.0624171
0.0721457
0.0784506
0.082023
0.0849685
0.086389
0.0888551
0.0920548
0.09557
0.0992446
0.103122
0.106853
0.110474
0.113753
0.116509
0.118536
0.119678
0.119695
0.118461
0.115898
0.112
0.106843
0.10058
0.0934786
0.0856979
0.0776587
0.0695186
0.0615387
0.0539146
0.0467706
0.0403329
0.0344315
0.0291931
0.0246777
0.0204223
0.0136677
0.00136559
-0.0147749
-0.032665
-0.0516614
-0.0690367
-0.0815943
-0.0846352
-0.077635
-0.0608711
-0.0409293
-0.0198832
-0.00332331
0.00553226
0.00783136
0.00506672
0.00171881
0.000187907
0.00258094
0.00872022
0.0164782
0.0231383
0.0248782
0.0193095
0.00665451
-0.00823074
-0.0195722
-0.0235705
-0.0110483
-0.00188834
0.00350472
-0.0120293
-0.0209033
-0.0151391
-0.00752343
-0.00157286
0.00769818
0.0229307
0.0383831
0.0483648
0.0506945
0.0423965
0.0247828
-0.00277839
-0.0390283
-0.0818243
-0.128868
-0.174251
-0.212902
-0.237333
-0.245769
-0.238662
-0.220316
-0.197964
-0.181203
-0.172691
-0.158091
-0.13369
-0.0928358
-0.0811712
-0.0544905
-0.0305486
0.0138051
0.0427082
0.0607507
0.0639009
0.0557897
0.0454827
0.0376214
0.0335804
0.0329674
0.0334324
0.0337833
0.0341164
0.0330893
0.0310322
0.0279032
0.0241108
0.0207971
0.0183856
0.0187973
0.0225546
0.0296829
0.0398633
0.0512808
0.0621746
0.0711497
0.076961
0.0800986
0.0826646
0.0838993
0.0861687
0.0891485
0.0924297
0.0958316
0.099422
0.10287
0.106201
0.10921
0.111723
0.113538
0.114514
0.114436
0.113183
0.110683
0.106937
0.102016
0.0960735
0.0893523
0.0820148
0.0744511
0.0667996
0.0593156
0.0521814
0.0455133
0.0395038
0.0339893
0.029131
0.0249489
0.0209944
0.0146902
0.00301228
-0.0121132
-0.0287968
-0.0464861
-0.0625949
-0.0739489
-0.0765279
-0.0693694
-0.0536217
-0.0353244
-0.0157898
-0.00201427
0.0050275
0.00634949
0.00426676
0.00256086
0.0030887
0.00731559
0.0137895
0.019711
0.0223641
0.0186112
0.00972636
-0.00250095
-0.0110535
-0.0148065
-0.00776976
0.00375329
0.00353151
-0.0030655
-0.0260544
-0.0301435
-0.0226356
-0.0145704
-0.0052806
0.00801958
0.0345148
0.0458564
0.05362
0.0522536
0.0427349
0.0249897
-0.000474015
-0.0342028
-0.0748063
-0.121069
-0.167924
-0.209753
-0.239947
-0.254903
-0.254515
-0.242629
-0.222564
-0.197999
-0.171674
-0.142538
-0.111376
-0.0779901
-0.0605721
-0.0428395
-0.0376068
-0.0185808
0.0128736
0.0375529
0.0539152
0.0569454
0.0516115
0.0439831
0.0379689
0.034926
0.0342414
0.0339723
0.0343402
0.0338942
0.0321872
0.0296843
0.0262748
0.0231929
0.0208764
0.021084
0.0245949
0.0317108
0.0410027
0.0517002
0.0618724
0.0701374
0.0754925
0.0782478
0.0804698
0.0815438
0.0836317
0.0864025
0.0894649
0.0926144
0.0959371
0.0991224
0.102181
0.104937
0.107226
0.108845
0.10967
0.109504
0.108238
0.105802
0.102201
0.0975051
0.091867
0.0855063
0.078588
0.0714701
0.0642767
0.0572591
0.0505842
0.0443568
0.0387404
0.033586
0.0290804
0.0252004
0.0215204
0.0156357
0.00455906
-0.00961445
-0.0251908
-0.041658
-0.0565963
-0.066883
-0.0690559
-0.0618483
-0.0473355
-0.030304
-0.012511
-0.00128502
0.00466193
0.00535433
0.00427383
0.0040408
0.00608261
0.0111191
0.0164561
0.0196302
0.0180117
0.0112273
0.00243071
-0.00526236
-0.00615623
0.00248015
0.0142411
0.0152931
0.00279041
-0.00979312
-0.0295235
-0.031912
-0.0314061
-0.0307613
-0.0284159
-0.0200984
-0.00906696
4.47565e-05
0.00673729
0.0069625
0.00343467
-0.0047556
-0.0143337
-0.0259568
-0.038029
-0.0516827
-0.0680253
-0.086371
-0.104249
-0.118515
-0.126416
-0.129252
-0.125318
-0.112775
-0.093358
-0.0735839
-0.0563327
-0.0386406
-0.0293538
-0.0216237
-0.0290912
-0.029234
-0.0111051
0.0130334
0.0351279
0.0479824
0.0511347
0.0473453
0.0420858
0.0376084
0.0356431
0.0346416
0.0344182
0.0344862
0.0330424
0.0310101
0.0280767
0.0252286
0.0230759
0.0231411
0.0264115
0.0331095
0.041986
0.0520109
0.0615143
0.06912
0.0740499
0.0764718
0.0783809
0.0793169
0.0812385
0.0838102
0.0866655
0.0895803
0.092653
0.0955937
0.098399
0.100916
0.102996
0.104437
0.105124
0.10488
0.103606
0.101234
0.0977745
0.0932956
0.0879467
0.0819272
0.0754048
0.0687042
0.0619402
0.0553605
0.0491134
0.0432925
0.0380367
0.0332183
0.0290382
0.02543
0.0219997
0.0165058
0.00601274
-0.00727487
-0.0218286
-0.0371612
-0.0510143
-0.0603749
-0.0621818
-0.0550762
-0.0418052
-0.0257722
-0.0100578
-0.000759409
0.00450462
0.00480558
0.00488304
0.00566712
0.00872537
0.0136016
0.016878
0.0169541
0.0122982
0.00573577
-0.00014707
-0.000166031
0.00921756
0.0180853
0.021186
0.0163415
0.00132381
-0.0102803
-0.0216246
-0.0295147
-0.0375178
-0.0491154
-0.0611022
-0.0689847
-0.0682812
-0.0613575
-0.0508673
-0.0421231
-0.0360854
-0.0329079
-0.0305901
-0.0276332
-0.0234082
-0.0177144
-0.011716
-0.00654945
-0.00280647
-0.00173919
-0.00388464
-0.00849693
-0.0156105
-0.0217021
-0.0229839
-0.0195608
-0.0164634
-0.0120588
-0.00463101
-0.00365779
-0.00983722
-0.0196672
-0.019944
-0.00569823
0.0154954
0.0325738
0.0438437
0.0460883
0.044049
0.0400334
0.0370555
0.0357355
0.0346556
0.0347715
0.0337124
0.0319861
0.0295151
0.0269447
0.0249867
0.0249707
0.0280449
0.0343456
0.042815
0.052225
0.0611061
0.0681054
0.0726384
0.0747705
0.0763946
0.0772135
0.0789842
0.0813664
0.0840242
0.0867189
0.0895567
0.0922703
0.09484
0.0971323
0.0990176
0.100296
0.100858
0.100545
0.0992683
0.0969634
0.0936416
0.0893724
0.0842985
0.0786015
0.0724521
0.0661414
0.0597802
0.0536098
0.0477592
0.0423118
0.0373882
0.0328835
0.0290015
0.0256364
0.0224344
0.0173052
0.0073758
-0.0050909
-0.0186925
-0.0329827
-0.0458274
-0.0543719
-0.0558461
-0.048775
-0.0368456
-0.0217685
-0.00824011
-0.000321256
0.00377479
0.00479327
0.00570633
0.00705396
0.0108098
0.0144852
0.0151599
0.0129738
0.00777213
0.00398637
0.00395039
0.0117412
0.0186906
0.0201085
0.017736
0.000540896
-0.0231569
-0.0566921
-0.0453615
-0.0614928
-0.0732088
-0.0981745
-0.125214
-0.148152
-0.15487
-0.143458
-0.122899
-0.100462
-0.083601
-0.0706896
-0.0620646
-0.0554897
-0.0504623
-0.0456164
-0.0409427
-0.0368855
-0.0335288
-0.0299659
-0.0289246
-0.0278976
-0.0298194
-0.0328856
-0.0297948
-0.0266497
-0.0144348
-0.0101021
-0.00168447
-0.0128498
-0.0066357
-0.00669234
-0.012501
-0.013022
0.000117566
0.0167071
0.0320503
0.0400173
0.0425106
0.0410938
0.0379322
0.036632
0.0352694
0.0349118
0.0341975
0.0327349
0.0306237
0.0283582
0.0266261
0.026579
0.0294944
0.0354338
0.0435043
0.0523548
0.060654
0.0670997
0.0712627
0.0731426
0.0745084
0.0752301
0.0768649
0.0790676
0.0815372
0.0840249
0.0866406
0.0891433
0.091496
0.0935786
0.0952811
0.0964088
0.0968606
0.0964876
0.0952121
0.0929738
0.0897862
0.0857192
0.080906
0.0755125
0.0697136
0.0637677
0.0577843
0.0519951
0.0465102
0.0414068
0.0367906
0.0325786
0.0289673
0.0258188
0.022827
0.0180385
0.00864784
-0.00305507
-0.0157703
-0.0291094
-0.041012
-0.0488408
-0.0498331
-0.0433229
-0.0323845
-0.0183575
-0.00679269
0.000153898
0.00385102
0.00526773
0.00635176
0.00817469
0.0120944
0.0134414
0.0125129
0.00947274
0.00644727
0.00710597
0.0117052
0.0172879
0.0189944
0.0118657
-0.00185291
-0.0290495
-0.0500847
-0.0668458
-0.0730305
-0.0884698
-0.104184
-0.131489
-0.164505
-0.190553
-0.195284
-0.176175
-0.149663
-0.124154
-0.105841
-0.0930125
-0.0861141
-0.0824538
-0.0812972
-0.0823485
-0.0837318
-0.0856181
-0.0835574
-0.0830517
-0.0773391
-0.0742453
-0.0689622
-0.0645218
-0.057412
-0.0493847
-0.0379938
-0.0280207
-0.0264665
-0.0256525
-0.0149201
-0.00905782
-0.00506855
-0.00781256
-0.00639065
0.00464319
0.0190672
0.0312521
0.037289
0.0397896
0.0380738
0.0368855
0.0358533
0.0350925
0.0344928
0.033297
0.0314767
0.0294968
0.0280038
0.0279782
0.0307662
0.0363815
0.0440665
0.0524094
0.0601628
0.0661089
0.0699265
0.0715876
0.0727219
0.073364
0.0748773
0.0769114
0.0792031
0.0814972
0.0839031
0.086209
0.0883639
0.0902527
0.0917841
0.0927717
0.0931237
0.0926977
0.0914256
0.0892514
0.0861925
0.082318
0.0777503
0.0726418
0.0671719
0.0615671
0.0559383
0.0505029
0.0453556
0.0405703
0.0362402
0.0323004
0.028933
0.0259772
0.0231789
0.0187082
0.00982948
-0.00115745
-0.013056
-0.0255199
-0.0365506
-0.0437583
-0.0444477
-0.0384461
-0.0283598
-0.015483
-0.00556339
0.000673756
0.00409723
0.00569458
0.00677066
0.00908188
0.0120009
0.0112522
0.0101777
0.00780485
0.0082984
0.0107722
0.0137515
0.0159133
0.00865923
-0.00605374
-0.0266418
-0.0471158
-0.0567095
-0.0579428
-0.0621764
-0.0731104
-0.0832198
-0.0962586
-0.109986
-0.11736
-0.111467
-0.0945117
-0.0769279
-0.0644902
-0.0582003
-0.0590483
-0.061018
-0.0636846
-0.0665156
-0.0700036
-0.0731308
-0.0750039
-0.0740283
-0.0725837
-0.0674837
-0.0642885
-0.0607706
-0.0588069
-0.058654
-0.0545942
-0.0472175
-0.0387591
-0.0392385
-0.0322146
-0.0267113
-0.0188836
-0.0106066
-0.00655714
-0.00565286
-0.00115288
0.00838255
0.0216835
0.0299564
0.0357403
0.0369183
0.036388
0.0359366
0.035244
0.0346601
0.0336439
0.0321176
0.0304014
0.0291391
0.0291754
0.031867
0.037204
0.044511
0.0523946
0.0596395
0.0651362
0.0686336
0.0701045
0.0710359
0.0716132
0.0730181
0.0748953
0.0770201
0.0791359
0.0813448
0.0834661
0.0854404
0.0871519
0.0885237
0.0893797
0.0896396
0.0891657
0.0878965
0.0857823
0.0828449
0.0791514
0.0748131
0.0699725
0.0648112
0.0595256
0.0542294
0.0491221
0.0442873
0.0397972
0.0357337
0.0320455
0.0288966
0.026113
0.0234931
0.0193176
0.010925
0.000608729
-0.0105421
-0.0221903
-0.03243
-0.0390862
-0.0395568
-0.0340814
-0.0247317
-0.0130522
-0.00449036
0.00119651
0.0043873
0.00588742
0.00711831
0.00952549
0.0107956
0.00924729
0.0086572
0.0075418
0.00988338
0.0113699
0.0118737
0.00736085
-0.00828987
-0.0249211
-0.0415763
-0.0486132
-0.0491496
-0.0429069
-0.0431185
-0.0467526
-0.0476041
-0.0467699
-0.0421192
-0.0319517
-0.0209195
-0.0137997
-0.0124947
-0.0162137
-0.0223305
-0.0298021
-0.0359649
-0.0393087
-0.0398995
-0.0386762
-0.0346095
-0.0286848
-0.0211583
-0.0131048
-0.0101566
-0.00344422
-0.00677293
-0.0118301
-0.0219338
-0.0310571
-0.037217
-0.0368645
-0.0325592
-0.0292984
-0.0224151
-0.0209975
-0.0183726
-0.0122392
-0.00760238
-0.00374506
0.00181454
0.0127301
0.0222026
0.0299029
0.0339591
0.0350477
0.0353418
0.0350983
0.03469
0.0338567
0.0325744
0.0310965
0.0300563
0.0301834
0.0328009
0.037907
0.0448499
0.0523155
0.0590917
0.064184
0.0673871
0.0686931
0.0694513
0.0699758
0.0712834
0.073015
0.0749841
0.0769366
0.078962
0.0809089
0.0827159
0.0842649
0.0854888
0.086221
0.086394
0.0858757
0.0846092
0.0825516
0.0797279
0.0762042
0.0720807
0.0674931
0.0626217
0.0576348
0.0526501
0.0478471
0.0433018
0.0390858
0.0352692
0.0318116
0.0288573
0.026229
0.0237732
0.0198709
0.0119396
0.00224746
-0.00821652
-0.0191028
-0.028635
-0.0347867
-0.0351219
-0.0301615
-0.0214685
-0.0110057
-0.00353772
0.00165184
0.00455439
0.00588653
0.00732829
0.00934259
0.00917895
0.00809406
0.00776951
0.00787082
0.00959838
0.0076992
0.00598429
-0.00749179
-0.0231299
-0.0375773
-0.0448357
-0.0421845
-0.0397474
-0.037516
-0.0389361
-0.0378674
-0.0352919
-0.0312239
-0.0245485
-0.0169741
-0.0124572
-0.0141443
-0.0184865
-0.0256322
-0.0330698
-0.038625
-0.041379
-0.0403114
-0.0373558
-0.0315372
-0.0237092
-0.0116539
-0.00587061
0.0102281
0.00440726
0.0313403
0.010949
-0.00367012
-0.0115761
-0.0367023
-0.0397375
-0.046698
-0.0285653
-0.0355555
-0.0212724
-0.0147815
-0.0153087
-0.0154032
-0.0118793
-0.00671441
-0.00227159
0.00578074
0.0150851
0.0234594
0.0295205
0.0326101
0.0340406
0.034493
0.0344681
0.0338976
0.0328687
0.0316069
0.0307733
0.0310174
0.0335773
0.0384927
0.0450954
0.0521785
0.0585256
0.0632542
0.0661891
0.0673534
0.0679691
0.06845
0.0696685
0.0712647
0.073087
0.074889
0.076744
0.078525
0.0801739
0.0815716
0.0826585
0.0832751
0.083366
0.082807
0.0815448
0.0795431
0.0768278
0.073464
0.0695437
0.065197
0.0605979
0.0558899
0.0511963
0.0466753
0.0423982
0.0384351
0.0348451
0.0315966
0.0288155
0.0263284
0.0240235
0.0203787
0.012879
0.00376331
-0.00606575
-0.0162455
-0.0251452
-0.0308327
-0.031109
-0.0266206
-0.0185585
-0.00928296
-0.00268424
0.00202563
0.00455604
0.00576456
0.00727986
0.00858602
0.00761205
0.00734401
0.00711748
0.00761378
0.00676893
0.00145345
-0.0049995
-0.0222634
-0.0325858
-0.0405089
-0.0405837
-0.0391803
-0.0409977
-0.0489524
-0.0489653
-0.0491843
-0.0561288
-0.0667498
-0.0784355
-0.0916146
-0.1021
-0.111406
-0.116545
-0.116661
-0.114488
-0.107063
-0.0974743
-0.0864501
-0.0777348
-0.0690333
-0.0618516
-0.0550309
-0.052332
-0.0494682
-0.0534802
-0.0563701
-0.0642311
-0.0734305
-0.0763644
-0.0776683
-0.0702755
-0.0591654
-0.0499632
-0.0557733
-0.0339911
-0.0166689
-0.0159642
-0.0121445
-0.0128736
-0.00942623
-0.00540103
0.000665385
0.00893762
0.0171999
0.0243678
0.0291465
0.0319514
0.0333518
0.0339036
0.0337105
0.0329794
0.0319564
0.0313087
0.0316875
0.0342085
0.038965
0.0452582
0.0519896
0.0579468
0.0623482
0.0650418
0.0660859
0.066589
0.0670343
0.0681693
0.0696381
0.0713195
0.0729802
0.0746765
0.0762997
0.0777973
0.0790517
0.0800114
0.080522
0.0805361
0.0799408
0.0786862
0.0767419
0.0741319
0.0709193
0.0671921
0.0630754
0.0587308
0.0542828
0.0498607
0.0456008
0.0415713
0.0378405
0.0344564
0.031397
0.0287704
0.026413
0.0242452
0.0208574
0.0137491
0.00516242
-0.00407824
-0.0136086
-0.0219363
-0.0272065
-0.0274833
-0.0234137
-0.0159903
-0.00782735
-0.0019388
0.00225954
0.00440982
0.00555656
0.00694849
0.00745251
0.00633514
0.00656161
0.00600257
0.00530025
0.00151397
-0.00620716
-0.0179414
-0.0305611
-0.0368664
-0.0417054
-0.040885
-0.046407
-0.0578537
-0.082216
-0.0775028
-0.0846984
-0.103053
-0.129952
-0.165738
-0.210913
-0.244126
-0.266961
-0.275478
-0.26695
-0.249149
-0.223147
-0.194751
-0.170333
-0.15267
-0.139664
-0.133
-0.13155
-0.135227
-0.141477
-0.150237
-0.158962
-0.163483
-0.16356
-0.156401
-0.139657
-0.126362
-0.0830856
-0.101567
-0.093284
-0.0665487
-0.0316258
-0.0246044
-0.0126364
-0.0124283
-0.0102823
-0.00754326
-0.00305805
0.00385145
0.0115542
0.0191058
0.0250313
0.0291304
0.0316172
0.0329351
0.033253
0.0328917
0.0321494
0.0316795
0.0322038
0.0347061
0.0393299
0.0453473
0.0517544
0.0573592
0.0614679
0.0639467
0.0648909
0.0653104
0.0657273
0.0667828
0.0681302
0.0696754
0.0712017
0.0727497
0.0742244
0.0755779
0.0766959
0.0775367
0.0779517
0.0778954
0.0772678
0.076023
0.0741369
0.0716276
0.0685565
0.0650112
0.0611112
0.0570019
0.0527956
0.0486263
0.0446081
0.0408073
0.0372896
0.0340935
0.0312057
0.0287171
0.0264749
0.0244206
0.0211585
0.014536
0.0064501
-0.00224414
-0.0111809
-0.0189866
-0.0238928
-0.0242065
-0.0205134
-0.0137516
-0.00659372
-0.00132242
0.00234009
0.00415522
0.00525266
0.00632185
0.00616369
0.00524688
0.00524862
0.00371671
0.000972661
-0.00555026
-0.0143908
-0.0276858
-0.0341923
-0.0394442
-0.0440104
-0.0502079
-0.064434
-0.0818875
-0.0990339
-0.104461
-0.122381
-0.146127
-0.178349
-0.222399
-0.272284
-0.317053
-0.34666
-0.357183
-0.344955
-0.316852
-0.279801
-0.240422
-0.209898
-0.187516
-0.172304
-0.164949
-0.164807
-0.169977
-0.178576
-0.188835
-0.198141
-0.199899
-0.194886
-0.182346
-0.163611
-0.142949
-0.119255
-0.114684
-0.0985872
-0.0851609
-0.0603664
-0.0393697
-0.0214843
-0.0148758
-0.0115653
-0.00898329
-0.00563831
-0.000146178
0.00668811
0.014101
0.02065
0.0257827
0.0293209
0.0315195
0.0324904
0.0325808
0.0321785
0.0318988
0.0325756
0.0350803
0.0395938
0.0453698
0.0514793
0.0567672
0.0606144
0.0629054
0.0637688
0.0641314
0.064526
0.0655059
0.0667387
0.0681532
0.0695515
0.0709614
0.0722979
0.0735166
0.0745065
0.0752358
0.0755648
0.0754445
0.0747873
0.0735519
0.0717204
0.0693037
0.0663617
0.0629835
0.0592832
0.0553882
0.0514061
0.0474715
0.0436772
0.0400882
0.0367675
0.033745
0.0310159
0.0286542
0.0265214
0.0245847
0.0215174
0.0152514
0.00763421
-0.000554875
-0.00894899
-0.0162794
-0.0208731
-0.0212425
-0.0179052
-0.0118198
-0.00555141
-0.000852607
0.00227802
0.00381501
0.00480667
0.00543267
0.00482554
0.00392832
0.00298568
6.50658e-05
-0.00471723
-0.0130329
-0.0224897
-0.0331121
-0.0373519
-0.0433845
-0.0499589
-0.0631686
-0.0769397
-0.0840098
-0.0830057
-0.0953009
-0.112135
-0.124489
-0.142927
-0.170305
-0.202933
-0.235799
-0.259896
-0.270114
-0.263058
-0.241269
-0.211693
-0.181522
-0.157272
-0.13927
-0.12726
-0.12209
-0.123049
-0.128451
-0.13681
-0.145412
-0.151798
-0.153017
-0.148766
-0.139959
-0.128772
-0.115888
-0.0995741
-0.0927098
-0.0727617
-0.0774838
-0.0745515
-0.0551116
-0.0362299
-0.0226289
-0.0152346
-0.0111517
-0.00787969
-0.00332127
0.0025944
0.009546
0.016302
0.0221358
0.0265855
0.0296649
0.0313888
0.0320248
0.0319923
0.0319695
0.0328098
0.0353399
0.0397647
0.045331
0.0511694
0.0561754
0.0597891
0.0619194
0.0627198
0.0630485
0.0634247
0.0643342
0.0654607
0.0667516
0.0680292
0.0693098
0.0705183
0.0716124
0.0724843
0.0731084
0.073359
0.0731807
0.0724964
0.0712685
0.0694851
0.0671513
0.0643256
0.0610989
0.0575789
0.0538775
0.0501034
0.046385
0.0427973
0.0394047
0.0362669
0.033407
0.0308267
0.0285842
0.0265574
0.0247324
0.0218274
0.0159088
0.00872435
0.000998406
-0.00690033
-0.0138001
-0.0181265
-0.0185644
-0.0155774
-0.0101629
-0.00468354
-0.000542308
0.00209274
0.00338604
0.00418432
0.00431827
0.00332803
0.00201388
-0.000199501
-0.00457014
-0.0109682
-0.0199968
-0.0290853
-0.0371374
-0.0419991
-0.0501069
-0.0596154
-0.0696682
-0.0729457
-0.0648785
-0.0476103
-0.0630488
-0.0681106
-0.0692066
-0.0725252
-0.0798743
-0.0909378
-0.105052
-0.117361
-0.123968
-0.121991
-0.112718
-0.0992093
-0.0857015
-0.0748483
-0.066581
-0.0617726
-0.0612054
-0.0643996
-0.0698641
-0.0767257
-0.0832013
-0.0879595
-0.0897336
-0.0881859
-0.0842851
-0.0798659
-0.0748797
-0.064956
-0.0521842
-0.0462291
-0.0577566
-0.06795
-0.0623936
-0.0490968
-0.0334448
-0.022209
-0.015065
-0.0105767
-0.00621806
-0.000947932
0.00546757
0.0121682
0.0183918
0.0235574
0.0274426
0.0299454
0.0312068
0.031642
0.0318974
0.0329126
0.0354898
0.0398496
0.0452363
0.0508304
0.0555875
0.0589943
0.0609892
0.0617435
0.0620565
0.0624153
0.0632596
0.0642885
0.0654632
0.0666264
0.0677849
0.0688723
0.0698502
0.0706143
0.0711389
0.0713168
0.0710865
0.0703801
0.0691603
0.0674207
0.0651639
0.0624471
0.0593599
0.0560036
0.0524792
0.0488983
0.0453768
0.0419783
0.0387661
0.0357969
0.0330877
0.0306458
0.0285149
0.0265896
0.0248695
0.0221292
0.0165144
0.00972809
0.00242509
-0.00502294
-0.0115348
-0.0156345
-0.0161509
-0.0135151
-0.0087519
-0.00398282
-0.000392291
0.00179105
0.00285568
0.00335476
0.00295657
0.00151456
-0.00057063
-0.00412025
-0.00973093
-0.0171539
-0.0260389
-0.0343569
-0.0413674
-0.0479212
-0.0565463
-0.0628203
-0.0634788
-0.0547582
-0.0390701
-0.0209932
-0.0292459
-0.0277822
-0.0236128
-0.0189741
-0.0152305
-0.0133045
-0.0139446
-0.0159352
-0.0175613
-0.0177487
-0.0167833
-0.0146699
-0.0132451
-0.011807
-0.0111455
-0.0120986
-0.0148481
-0.0194806
-0.0250429
-0.0309412
-0.036341
-0.0406663
-0.0435266
-0.0446531
-0.0443439
-0.0436363
-0.042523
-0.0381445
-0.0291319
-0.0280201
-0.0395812
-0.0524778
-0.0578987
-0.0540556
-0.0426674
-0.030718
-0.0208947
-0.014365
-0.0092979
-0.00423021
0.00174975
0.00829866
0.0146994
0.0203701
0.0249413
0.0281963
0.0301195
0.0310826
0.0316819
0.0328916
0.0355355
0.0398529
0.0450915
0.0504677
0.0550069
0.0582325
0.0601157
0.060839
0.0611493
0.0614897
0.0622721
0.0632103
0.0642748
0.0653284
0.0663703
0.0673413
0.0682079
0.0688732
0.0693041
0.0694138
0.0691375
0.0684159
0.0672094
0.0655137
0.0633347
0.0607263
0.0577729
0.0545693
0.0512108
0.0478101
0.0444661
0.0412397
0.0381914
0.0353749
0.0328019
0.0304843
0.0284547
0.0266237
0.0249956
0.0223942
0.0170721
0.0106517
0.00373369
-0.00330511
-0.00947101
-0.0133779
-0.0139833
-0.011705
-0.00756167
-0.00344447
-0.000388874
0.00138999
0.00219798
0.00228669
0.00132517
-0.000708012
-0.00377158
-0.00850153
-0.0149662
-0.0228291
-0.0312979
-0.0391254
-0.0460313
-0.0524892
-0.0572167
-0.0563271
-0.0482239
-0.0346543
-0.0203537
-0.0101521
-0.0115965
-0.00868847
-0.00378403
0.00201023
0.00789121
0.0131783
0.0171842
0.019747
0.0212981
0.0213459
0.0208088
0.0190218
0.015687
0.0140434
0.0115417
0.00834848
0.00473733
0.000370127
-0.00436707
-0.00904745
-0.01332
-0.0169062
-0.0197484
-0.0218198
-0.0229739
-0.0236324
-0.0238782
-0.0224489
-0.0187347
-0.0172304
-0.0254362
-0.03698
-0.0466558
-0.0507168
-0.0465378
-0.037653
-0.0275359
-0.0192428
-0.0129477
-0.00751577
-0.00174537
0.00464374
0.0111261
0.0171386
0.0222521
0.0261906
0.0287831
0.0303092
0.0313145
0.0327529
0.035484
0.0397804
0.0449009
0.0500862
0.0544371
0.0575069
0.0592994
0.0600048
0.0603215
0.0606435
0.0613659
0.0622186
0.0631788
0.0641277
0.0650595
0.0659204
0.0666798
0.067254
0.0675981
0.0676433
0.0673249
0.0665924
0.0654031
0.063752
0.0616518
0.059152
0.0563281
0.0532696
0.0500693
0.0468364
0.0436524
0.0405835
0.037684
0.0350054
0.0325533
0.0303451
0.0284052
0.0266579
0.0251072
0.0226246
0.0175836
0.0115002
0.00493317
-0.00173644
-0.00759637
-0.0113389
-0.0120471
-0.0101316
-0.00657288
-0.00306225
-0.000514414
0.000886909
0.00137622
0.000973836
-0.000598985
-0.00337304
-0.00741033
-0.0129941
-0.0199408
-0.0279137
-0.0359931
-0.043271
-0.0489419
-0.0522603
-0.051023
-0.0437355
-0.0322917
-0.0200783
-0.0107058
-0.00575457
-0.00479054
-0.00192598
0.00214128
0.00677406
0.0115956
0.0163375
0.0205344
0.0239641
0.0262787
0.0272187
0.0277112
0.0246119
0.0200342
0.0181419
0.0154773
0.0122735
0.00907579
0.0057374
0.00233205
-0.000975615
-0.00400114
-0.00664354
-0.00882869
-0.0107661
-0.0122579
-0.0132498
-0.0138799
-0.0137372
-0.0128798
-0.0114638
-0.0161741
-0.0245076
-0.034329
-0.0421617
-0.0445156
-0.040653
-0.0329768
-0.0244616
-0.0171412
-0.0110123
-0.00515486
0.0011307
0.00766055
0.0139287
0.0194649
0.0239864
0.0272251
0.0293297
0.0307818
0.0324991
0.0353414
0.0396374
0.0446691
0.0496906
0.0538804
0.0568208
0.0585409
0.0592393
0.0595664
0.0598772
0.0605426
0.0613158
0.0621805
0.0630332
0.0638653
0.0646271
0.065286
0.065776
0.0660404
0.0660238
0.0656623
0.0649152
0.0637394
0.0621269
0.0600981
0.0576989
0.0549948
0.0520715
0.0490205
0.0459424
0.0429049
0.0399827
0.0372204
0.0346685
0.0323258
0.0302162
0.0283574
0.0266839
0.0251989
0.0228245
0.0180513
0.0122798
0.00603183
-0.00030803
-0.00589735
-0.00950296
-0.0103307
-0.00877548
-0.00576707
-0.00282925
-0.000762121
0.000266785
0.000371161
-0.000589072
-0.00284284
-0.00639167
-0.0112059
-0.0173414
-0.02459
-0.0324958
-0.0399542
-0.0454894
-0.0482159
-0.0468435
-0.040525
-0.0307355
-0.0201097
-0.0114699
-0.00616362
-0.00354994
-0.00214399
0.000202115
0.00316057
0.00635319
0.00965109
0.0129771
0.0161116
0.0189033
0.0209282
0.0223601
0.0232695
0.020522
0.0162668
0.0144847
0.0127275
0.010588
0.00833829
0.00605976
0.00386233
0.001677
-0.000351643
-0.00223322
-0.00381444
-0.0053062
-0.00671493
-0.00777669
-0.00845152
-0.00879978
-0.00922051
-0.00814257
-0.0107536
-0.015969
-0.0237172
-0.032219
-0.0382063
-0.0394389
-0.0356112
-0.0287938
-0.0214167
-0.0147018
-0.00856607
-0.00228528
0.00427589
0.0107526
0.0166407
0.0216455
0.0254785
0.0281642
0.0300883
0.032128
0.0351142
0.039431
0.0443999
0.0492855
0.0533406
0.0561766
0.0578409
0.0585426
0.0588914
0.0591928
0.0598057
0.0605074
0.0612879
0.062056
0.0628002
0.0634759
0.0640433
0.0644546
0.064645
0.0645676
0.0641592
0.0633874
0.0622142
0.0606286
0.058657
0.0563426
0.0537435
0.0509428
0.0480292
0.0450919
0.0421907
0.0394067
0.0367729
0.0343394
0.0320993
0.030083
0.0283011
0.0266948
0.0252699
0.0229975
0.018479
0.0129955
0.00703686
0.000990121
-0.00436124
-0.00785832
-0.0088205
-0.00761614
-0.00513121
-0.00273848
-0.00112497
-0.000482842
-0.000832573
-0.00240871
-0.00535549
-0.0095791
-0.014965
-0.0215316
-0.028986
-0.0364039
-0.0420418
-0.0447556
-0.0435495
-0.0381619
-0.0296869
-0.0202999
-0.0122786
-0.00700215
-0.00412264
-0.00262216
-0.00137056
0.000418469
0.00250221
0.00460175
0.00674324
0.00889279
0.0109831
0.0128737
0.0143628
0.0155752
0.0162623
0.0148855
0.0121192
0.010915
0.00982607
0.00848159
0.00715704
0.00567392
0.00421748
0.00274402
0.0013138
-7.07845e-05
-0.00131162
-0.00243895
-0.00362727
-0.00466409
-0.0053278
-0.00571025
-0.00648329
-0.00593469
-0.00760456
-0.0106786
-0.0159485
-0.0231763
-0.0303198
-0.0347595
-0.0350926
-0.0311795
-0.0250203
-0.0183253
-0.0119536
-0.00561686
0.000964146
0.00760482
0.0138068
0.0192253
0.0235802
0.0268325
0.029247
0.0316337
0.0348031
0.0391583
0.0440976
0.0488756
0.0528209
0.0555772
0.0572005
0.0579144
0.0582912
0.0585845
0.0591484
0.0597855
0.0604904
0.0611816
0.0618452
0.0624427
0.0629259
0.0632612
0.0633806
0.0632435
0.062788
0.0619853
0.0608074
0.0592424
0.0573191
0.0550778
0.0525737
0.049886
0.047098
0.0442887
0.0415159
0.0388605
0.0363449
0.03402
0.0318764
0.0299482
0.0282386
0.0266956
0.0253282
0.0231481
0.0188703
0.0136531
0.00795561
0.00216668
-0.0029768
-0.00639323
-0.00750234
-0.00663728
-0.00465518
-0.00277733
-0.00160103
-0.00137786
-0.00223861
-0.00444782
-0.00802456
-0.0127941
-0.0186489
-0.0255172
-0.0326141
-0.0384956
-0.0415734
-0.0408911
-0.0363665
-0.0290327
-0.020619
-0.0131347
-0.00786432
-0.00484812
-0.00320835
-0.00227345
-0.00134862
-4.20128e-05
0.00137972
0.0027234
0.00408445
0.00542848
0.00672751
0.00787556
0.00881981
0.00952917
0.00996101
0.00972542
0.00902694
0.00852066
0.00804637
0.0071124
0.00628022
0.00529355
0.00419992
0.00311815
0.00201956
0.000950699
-7.14557e-05
-0.000969127
-0.00189856
-0.00279786
-0.0034324
-0.00375349
-0.00441326
-0.00440911
-0.00565964
-0.00756245
-0.0108201
-0.0161554
-0.0227592
-0.0286056
-0.0317454
-0.0312283
-0.0272207
-0.0214436
-0.0151771
-0.00882704
-0.00225314
0.00449423
0.0109661
0.0167603
0.0215739
0.0253561
0.0282698
0.0310254
0.0344237
0.0388339
0.0437651
0.048466
0.0523264
0.0550248
0.0566195
0.0573547
0.0577618
0.058042
0.058556
0.0591299
0.05976
0.0603738
0.060957
0.0614766
0.0618794
0.0621395
0.0621906
0.0619963
0.0615
0.060671
0.0594917
0.0579532
0.0560802
0.0539124
0.0515037
0.0489263
0.0462565
0.0435657
0.0409141
0.0383749
0.0359653
0.0337363
0.0316797
0.0298298
0.0281832
0.0266982
0.0253837
0.0232856
0.0192299
0.0142574
0.00879441
0.00323146
-0.00173341
-0.0050977
-0.00636149
-0.00582584
-0.00432784
-0.00293491
-0.00219531
-0.00242351
-0.00382365
-0.00663567
-0.0107492
-0.0159811
-0.0221925
-0.0289056
-0.0348799
-0.0385142
-0.0386
-0.0350171
-0.0286731
-0.0211038
-0.0140578
-0.00882432
-0.00560839
-0.00384942
-0.00280829
-0.00218284
-0.00153255
-0.000610476
0.000330162
0.00118318
0.00203472
0.00285196
0.0036102
0.00425694
0.00476405
0.00508135
0.00519077
0.00525045
0.00537764
0.00546879
0.00593728
0.00568038
0.00507174
0.00440172
0.00359675
0.00278364
0.00195837
0.00113372
0.000332662
-0.000393751
-0.00109645
-0.00180426
-0.00237624
-0.00267864
-0.00315493
-0.00333725
-0.00434407
-0.00567945
-0.0076911
-0.0111992
-0.0164613
-0.0223665
-0.0270709
-0.0289482
-0.0276258
-0.0235508
-0.0179853
-0.011827
-0.00533572
0.00144621
0.00812879
0.0142653
0.0194942
0.0237613
0.0271709
0.0303123
0.0339606
0.0384635
0.0434063
0.0480615
0.0518611
0.0545208
0.0560999
0.0568629
0.0572973
0.0575651
0.0580255
0.0585332
0.0590864
0.0596207
0.0601229
0.0605636
0.0608897
0.0610766
0.0610632
0.0608143
0.060284
0.0594363
0.0582608
0.0567544
0.0549346
0.0528415
0.0505279
0.0480572
0.0454991
0.0429198
0.0403825
0.0379472
0.0356334
0.0334902
0.031512
0.029729
0.0281355
0.0267023
0.0254345
0.0234177
0.019563
0.0148149
0.00956016
0.00419289
-0.000621581
-0.00396104
-0.00538417
-0.0051712
-0.00413777
-0.00320441
-0.00290749
-0.00360788
-0.00554816
-0.00890258
-0.0134744
-0.0190771
-0.0253161
-0.0312735
-0.0354323
-0.0364463
-0.0338942
-0.0285179
-0.0217006
-0.0150259
-0.0097987
-0.00639717
-0.00440331
-0.0032456
-0.0024876
-0.00204106
-0.00159037
-0.000971933
-0.000368491
0.000171922
0.000703413
0.00119056
0.00163751
0.00200266
0.0022478
0.00239144
0.00231924
0.0022548
0.00222872
0.00234387
0.00319857
0.0036885
0.00331355
0.00294594
0.00245534
0.00190581
0.00135262
0.00076369
0.000187414
-0.000357262
-0.000869534
-0.00137094
-0.00182034
-0.00210264
-0.00244671
-0.00264223
-0.00341689
-0.00446371
-0.00583094
-0.00804563
-0.0117882
-0.0168546
-0.0220469
-0.0256395
-0.0265273
-0.0244
-0.0200875
-0.014489
-0.00821893
-0.00149681
0.00531747
0.0117514
0.0173623
0.0220725
0.0259646
0.0295049
0.0334242
0.0380505
0.043028
0.0476665
0.0514295
0.0540681
0.0556428
0.0564388
0.0568976
0.0571656
0.057572
0.0580157
0.0584973
0.058957
0.0593847
0.0597505
0.0600064
0.0601237
0.0600506
0.0597475
0.0591811
0.0583135
0.0571353
0.055651
0.0538724
0.0518408
0.0496068
0.0472276
0.0447681
0.0422907
0.0398585
0.0375172
0.0352951
0.033234
0.0313322
0.0296123
0.0280712
0.0266886
0.0254656
0.0235436
0.0198745
0.0153313
0.0102598
0.00505919
0.00036744
-0.0029726
-0.00455914
-0.00466271
-0.00407199
-0.00358053
-0.00373223
-0.00490791
-0.00736116
-0.0111928
-0.0161549
-0.0219167
-0.0277086
-0.0323023
-0.0342775
-0.0328642
-0.028505
-0.0224262
-0.0161171
-0.0108682
-0.00726419
-0.00503977
-0.00367043
-0.0027996
-0.00220377
-0.00185685
-0.00154332
-0.00113171
-0.000722682
-0.000360063
-1.72968e-05
0.000293838
0.00059786
0.000832352
0.000987276
0.00110576
0.00106476
0.00102839
0.000826764
0.000940571
0.00137756
0.00191404
0.00173707
0.0015824
0.00131456
0.000981295
0.000636599
0.000252641
-0.000142464
-0.000525155
-0.000890746
-0.00123391
-0.00155722
-0.00181203
-0.00208535
-0.00214053
-0.00269612
-0.00353783
-0.00458542
-0.00605988
-0.00855069
-0.0124431
-0.0172601
-0.0216692
-0.0242313
-0.0240896
-0.0212801
-0.016633
-0.0108208
-0.00429113
0.0025552
0.00923263
0.0152007
0.0203132
0.0246639
0.0286108
0.0328213
0.0376009
0.0426359
0.0472857
0.0510369
0.0536686
0.0552499
0.0560842
0.0565671
0.056847
0.0572065
0.0575946
0.0580148
0.058409
0.0587709
0.0590671
0.0592591
0.0593097
0.0591796
0.0588227
0.0582137
0.0573193
0.0561275
0.054647
0.0528919
0.0508995
0.0487207
0.0464103
0.0440303
0.0416402
0.0392989
0.0370419
0.0349082
0.0329268
0.0311021
0.0294478
0.027967
0.0266406
0.0254681
0.0236569
0.0201683
0.0158123
0.010901
0.00583949
0.00124045
-0.00212241
-0.00387346
-0.00429026
-0.00412016
-0.00405527
-0.00465247
-0.00629246
-0.00923015
-0.0134761
-0.0186809
-0.0242443
-0.0291358
-0.0319812
-0.0317475
-0.0284759
-0.0231837
-0.0172366
-0.0119701
-0.00811994
-0.00563537
-0.0040662
-0.00303086
-0.00234276
-0.00185877
-0.00157492
-0.00136881
-0.00110277
-0.00083054
-0.000593999
-0.000371133
-0.000146981
7.86188e-05
0.000256629
0.000396499
0.000521402
0.000574601
0.000612959
0.000520134
0.00070177
0.000582545
0.00074492
0.0006646
0.00060676
0.00044491
0.000251817
3.59172e-05
-0.00020521
-0.000466426
-0.000724002
-0.000971175
-0.00119392
-0.00138799
-0.00157312
-0.00180387
-0.00183001
-0.00219849
-0.00284821
-0.00370823
-0.00480389
-0.00648804
-0.00926752
-0.0132507
-0.017664
-0.0212321
-0.0227031
-0.0215996
-0.0181678
-0.0130527
-0.00686608
-0.000112797
0.00671287
0.0130076
0.0184987
0.0232836
0.027641
0.0321574
0.0371166
0.0422372
0.0469256
0.0506867
0.0533247
0.0549248
0.0557987
0.0563049
0.056592
0.0569101
0.0572469
0.057608
0.0579379
0.0582357
0.0584625
0.0585924
0.0585789
0.0583943
0.0579903
0.0573412
0.0564227
0.0552199
0.0537403
0.0520025
0.0500402
0.0479034
0.0456471
0.043331
0.0410123
0.0387441
0.0365598
0.0345046
0.0325926
0.0308399
0.0292496
0.0278329
0.0265668
0.0254514
0.0237596
0.0204489
0.0162653
0.0114908
0.00654091
0.00200484
-0.00140039
-0.00331852
-0.00404239
-0.00427024
-0.00461719
-0.00565216
-0.00774086
-0.0111164
-0.0156877
-0.020921
-0.0259324
-0.0295126
-0.0304679
-0.0283994
-0.0239838
-0.018496
-0.0132429
-0.00914704
-0.00636335
-0.00457085
-0.00336999
-0.00253256
-0.00196902
-0.00156412
-0.00132982
-0.00118822
-0.00100041
-0.000808525
-0.000653534
-0.000509533
-0.000341452
-0.000186464
-5.49312e-05
5.5595e-05
0.000151012
0.000248532
0.000267987
0.000299123
0.000411836
5.00966e-05
-0.000124207
-7.75245e-05
-7.47367e-05
-0.000163012
-0.000253585
-0.000374924
-0.000512713
-0.000669384
-0.000839483
-0.000999972
-0.00114724
-0.00126516
-0.0013911
-0.00160358
-0.00152517
-0.00179043
-0.00226747
-0.00295683
-0.00383457
-0.00502976
-0.00695424
-0.0100138
-0.0139811
-0.0179421
-0.0206211
-0.0210685
-0.0189894
-0.0148289
-0.00918572
-0.00265057
0.00423028
0.0108091
0.0166599
0.0218475
0.0266097
0.0314423
0.0366052
0.0418383
0.0465913
0.0503827
0.0530402
0.0546677
0.0555806
0.0561016
0.0563832
0.0566579
0.0569412
0.0572394
0.0575026
0.0577361
0.0578952
0.0579647
0.0578946
0.0576606
0.0572198
0.0565419
0.0556083
0.0544038
0.0529314
0.0512125
0.0492792
0.0471788
0.0449677
0.0427028
0.0404398
0.0382279
0.0361043
0.0341125
0.0322586
0.03057
0.0290396
0.0276848
0.0264795
0.025424
0.0238592
0.0207226
0.0166975
0.0120385
0.00716988
0.00266643
-0.0007991
-0.0028885
-0.00390701
-0.0045044
-0.00524884
-0.0067027
-0.00922258
-0.0129892
-0.0177097
-0.0226456
-0.0268107
-0.0288767
-0.0280695
-0.0246501
-0.0197022
-0.0145263
-0.0101733
-0.00707137
-0.005017
-0.00364228
-0.00267672
-0.00200648
-0.00156527
-0.00123271
-0.00103989
-0.00095368
-0.00084202
-0.000733333
-0.000648367
-0.000554733
-0.000436643
-0.000339177
-0.000251232
-0.000178086
-0.000129882
-5.86122e-05
-9.07266e-05
-5.16348e-05
-7.58888e-05
-0.000427589
-0.000637469
-0.000491635
-0.000465071
-0.000503681
-0.000532876
-0.000599551
-0.000678152
-0.000770321
-0.000877873
-0.000981933
-0.00107053
-0.00111896
-0.00116166
-0.00132807
-0.00128132
-0.00148464
-0.00183856
-0.00239084
-0.00314207
-0.00409259
-0.00547794
-0.00773781
-0.0110272
-0.0148548
-0.0182015
-0.019904
-0.0192695
-0.016179
-0.0111801
-0.00496735
0.0018396
0.00859437
0.0147728
0.0203407
0.0255014
0.0306675
0.0360544
0.0414325
0.0462803
0.0501292
0.0528179
0.0544803
0.0554283
0.055948
0.0562269
0.0564603
0.0566965
0.0569409
0.0571485
0.0573278
0.0574331
0.0574505
0.0573364
0.0570592
0.0565856
0.0558812
0.0549275
0.0537112
0.052234
0.0505158
0.0485911
0.0465052
0.0443159
0.0420796
0.0398507
0.0376781
0.0356036
0.0336621
0.0318646
0.0302409
0.0287774
0.0274929
0.0263593
0.0253741
0.0239628
0.0210003
0.0171186
0.0125539
0.00773686
0.0032346
-0.000309709
-0.00258129
-0.00388852
-0.00483174
-0.0059456
-0.00779607
-0.0107198
-0.0147951
-0.0195678
-0.02405
-0.0270602
-0.0275256
-0.0252498
-0.020989
-0.0160223
-0.0114792
-0.00802066
-0.00565977
-0.00406681
-0.00295317
-0.00215935
-0.00162145
-0.00125356
-0.000962033
-0.00079885
-0.000741832
-0.000670721
-0.000602523
-0.000551659
-0.000493039
-0.000420217
-0.000358791
-0.000307634
-0.000260656
-0.000236739
-0.000188659
-0.000215871
-0.000176346
-0.000228174
-0.000467087
-0.000607453
-0.000523988
-0.000520255
-0.000554841
-0.000570363
-0.000616727
-0.000661501
-0.000722036
-0.000791567
-0.00085797
-0.000919753
-0.000949163
-0.000963995
-0.00110148
-0.00103019
-0.00119745
-0.00145684
-0.0018616
-0.00245681
-0.00323447
-0.00426512
-0.00588757
-0.00845773
-0.011879
-0.0154499
-0.0180428
-0.0186104
-0.0168809
-0.012864
-0.00719095
-0.000586533
0.00629936
0.0128252
0.0188085
0.0243727
0.0298753
0.035518
0.0410733
0.0460396
0.0499499
0.0526674
0.0543634
0.055333
0.0558508
0.0561309
0.0563335
0.0565394
0.0567457
0.0569166
0.0570551
0.0571242
0.0571005
0.0569524
0.0566389
0.056131
0.0553949
0.0544084
0.053161
0.0516564
0.0499092
0.0479629
0.0458606
0.0436612
0.0414235
0.0392032
0.0370494
0.0350073
0.033104
0.0313633
0.0298049
0.0284205
0.0272226
0.026184
0.0252933
0.024068
0.0212914
0.0175395
0.0130423
0.00824766
0.00373612
0.00010812
-0.00234367
-0.00392551
-0.00520449
-0.00672533
-0.00899036
-0.0122515
-0.0164685
-0.0208993
-0.0245716
-0.0263572
-0.0254285
-0.0220893
-0.0174726
-0.0128055
-0.0089777
-0.00626041
-0.00442965
-0.00315605
-0.00224481
-0.00162268
-0.00121007
-0.000915748
-0.000683434
-0.000560509
-0.00055395
-0.000526359
-0.000488692
-0.000463154
-0.000424846
-0.000368218
-0.000317649
-0.000276415
-0.000228455
-0.000195647
-0.000145751
-0.000135217
-7.29193e-05
-0.000113022
-0.000256027
-0.00034634
-0.000344532
-0.000382053
-0.000439864
-0.000474468
-0.000531749
-0.000578664
-0.000633608
-0.000695827
-0.000748769
-0.00079354
-0.00080674
-0.000786038
-0.000863405
-0.00084793
-0.000987618
-0.00119956
-0.00150725
-0.00197729
-0.00263986
-0.00350207
-0.0047545
-0.00674825
-0.00967551
-0.013191
-0.0164158
-0.018158
-0.0174873
-0.0142695
-0.00905635
-0.00258313
0.00435579
0.0110709
0.0173214
0.0232029
0.0290194
0.034917
0.0406652
0.0457709
0.0497723
0.0525476
0.0542963
0.0552976
0.0558127
0.0560715
0.0562409
0.0564171
0.0565827
0.0567216
0.0568204
0.0568591
0.0568032
0.0566273
0.0562891
0.0557565
0.0549978
0.0539875
0.0527159
0.0511856
0.049412
0.047439
0.0453131
0.043092
0.040838
0.0386097
0.0364578
0.0344286
0.0325495
0.0308524
0.0293455
0.0280344
0.0269199
0.0259862
0.0252081
0.0241845
0.0215991
0.0179566
0.0134928
0.00866755
0.00408908
0.000351327
-0.00227437
-0.00406653
-0.00556344
-0.00735011
-0.00992738
-0.0135373
-0.0179796
-0.0222446
-0.025281
-0.0256718
-0.0233444
-0.0191801
-0.0144771
-0.0102943
-0.00715797
-0.00499317
-0.00350241
-0.00245105
-0.00172065
-0.00123326
-0.000905914
-0.00067146
-0.000495512
-0.000400438
-0.000394634
-0.000365329
-0.000341327
-0.000333452
-0.000312004
-0.000274149
-0.000242696
-0.000211635
-0.000172081
-0.000132192
-8.83625e-05
-5.66795e-05
3.11691e-05
1.00978e-05
-8.03816e-05
-0.000135798
-0.000201165
-0.000253364
-0.000314325
-0.000360085
-0.00040967
-0.000450032
-0.000491643
-0.000538628
-0.00057309
-0.000603166
-0.000618979
-0.000620163
-0.000703097
-0.000715936
-0.00081153
-0.000944534
-0.00114736
-0.00147632
-0.00198761
-0.00264033
-0.00354137
-0.00498758
-0.00729683
-0.010399
-0.0136996
-0.0162106
-0.0168761
-0.0152149
-0.0110183
-0.00514925
0.00169729
0.00870907
0.0154311
0.0218106
0.0280744
0.0343487
0.0403744
0.0456875
0.049801
0.0526092
0.0543571
0.0553315
0.0558133
0.056026
0.0561481
0.0562856
0.0564062
0.0565133
0.0565793
0.0565927
0.0565182
0.0563252
0.0559772
0.055436
0.0546697
0.0536515
0.0523691
0.0508229
0.049031
0.0470343
0.0448831
0.0426359
0.0403574
0.03811
0.0359484
0.0339187
0.0320558
0.0303879
0.0289234
0.0276765
0.0266354
0.025803
0.0251411
0.0243205
0.0219787
0.0184728
0.0140544
0.00919199
0.00450713
0.000609505
-0.00224735
-0.00434071
-0.00623009
-0.00845772
-0.0114618
-0.0152793
-0.019369
-0.0228163
-0.0243601
-0.023383
-0.020211
-0.0158683
-0.0115159
-0.00796141
-0.00545393
-0.00377085
-0.00261191
-0.00178017
-0.00120698
-0.000859318
-0.000638124
-0.000493553
-0.00037821
-0.000320422
-0.000328667
-0.000298163
-0.000267488
-0.00026108
-0.000242405
-0.000208124
-0.000182304
-0.000154488
-0.000121537
-8.76258e-05
-5.804e-05
-2.20723e-05
4.29848e-05
2.02372e-05
-4.48046e-05
-6.7351e-05
-0.000126025
-0.000176204
-0.00022085
-0.000264221
-0.000310411
-0.000346938
-0.00038338
-0.000433881
-0.000473215
-0.000505352
-0.000536846
-0.000551564
-0.000609896
-0.000600993
-0.000713959
-0.000848592
-0.000983107
-0.00121689
-0.001622
-0.00224319
-0.00304219
-0.00418677
-0.00607379
-0.00899394
-0.0125704
-0.0158269
-0.0173014
-0.0160952
-0.0123138
-0.00646049
0.000473017
0.00759646
0.0144667
0.0210279
0.027462
0.0338737
0.0400446
0.045495
0.0496946
0.0525573
0.0543477
0.0553454
0.0558396
0.0560114
0.0560979
0.0562133
0.0563203
0.056419
0.0564833
0.0564942
0.0564222
0.0562297
0.0558806
0.0553335
0.0545525
0.0535098
0.0521903
0.0505958
0.0487485
0.0466883
0.0444718
0.0421634
0.0398316
0.0375434
0.035358
0.0333226
0.0314762
0.0298421
0.0284343
0.0272622
0.0263159
0.0256016
0.0250816
0.0244659
0.0222591
0.0187817
0.0143234
0.00938784
0.00462951
0.00065278
-0.00227638
-0.004435
-0.00640053
-0.00876236
-0.0119446
-0.0159942
-0.0203382
-0.0236813
-0.024737
-0.0228402
-0.0187608
-0.0139311
-0.00965348
-0.00652695
-0.00443229
-0.00299945
-0.00195824
-0.00124923
-0.000848644
-0.000633074
-0.000492145
-0.000371703
-0.000268381
-0.000199297
-0.000187036
-0.00015431
-0.000153376
-0.000173094
-0.000156714
-0.000133821
-0.00011799
-0.000101304
-8.52792e-05
-6.6932e-05
-6.3397e-05
-4.0013e-05
-1.786e-05
-4.8489e-05
-9.03675e-05
-8.72861e-05
-0.000103955
-0.00013844
-0.000149717
-0.000172649
-0.000198924
-0.000223384
-0.000243851
-0.000273697
-0.000305136
-0.000311515
-0.000320365
-0.000341421
-0.000438774
-0.000525149
-0.000593034
-0.000686657
-0.000786515
-0.000902929
-0.00111511
-0.00148393
-0.00202733
-0.00278522
-0.00397396
-0.0059873
-0.00895627
-0.012483
-0.0154488
-0.0164097
-0.0144652
-0.00984119
-0.00326552
0.00416692
0.0116471
0.0188719
0.0259403
0.0329677
0.0397076
0.0455717
0.0499934
0.0529074
0.0546381
0.0555347
0.0559372
0.0560248
0.05609
0.056198
0.0563165
0.0564277
0.0565112
0.0565397
0.056485
0.0563073
0.0559652
0.0554153
0.054617
0.0535401
0.0521677
0.0505043
0.0485739
0.0464231
0.0441134
0.0417177
0.0393109
0.0369652
0.0347438
0.032697
0.030863
0.0292646
0.0279171
0.0268229
0.0259819
0.0253962
0.0250507
0.0247946
0.0229762
0.0197058
0.0152163
0.0100328
0.00493538
0.000634554
-0.0025639
-0.00499675
-0.00733714
-0.0102123
-0.0139417
-0.0182072
-0.0218998
-0.0236796
-0.0225722
-0.0189428
-0.0142452
-0.00983653
-0.00650182
-0.0042588
-0.00280656
-0.00180182
-0.00113895
-0.000768137
-0.000573813
-0.000460707
-0.000350783
-0.000281238
-0.000235361
-0.000211243
-0.000152947
-9.12079e-05
-8.33729e-05
-8.18398e-05
-5.81399e-05
-4.95732e-05
-4.57114e-05
-3.99912e-05
-4.2153e-05
-2.77207e-05
-3.41238e-05
-1.90783e-05
1.05596e-05
-9.45405e-06
-3.01751e-05
-2.16146e-05
-4.24361e-05
-6.25579e-05
-5.83172e-05
-7.37248e-05
-7.5395e-05
-8.67952e-05
-9.71995e-05
-0.00011206
-0.000147446
-0.000175744
-0.000213912
-0.000289383
-0.00040935
)
;

boundaryField
{
    back
    {
        type            slip;
    }
    cylinder
    {
        type            zeroGradient;
    }
    front
    {
        type            slip;
    }
    inflow
    {
        type            zeroGradient;
    }
    outflow
    {
        type            fixedValue;
        value           uniform 0;
    }
    wall
    {
        type            zeroGradient;
    }
}


// ************************************************************************* //
